 22.4 -3.34431 2.85607 -0.0765005 -0.267914 5.58993 20.2732
 22.5 -3.308738652 2.855382609 -0.06110843133 -0.2193494312 4.576647556 20.27077177
 22.5 -3.308738652 2.855382609 -0.06110843133 -0.2193494312 4.576647556 20.27077177
 22.6 -3.273228477 2.854845273 -0.04648382593 -0.1795881251 3.747042066 20.26878371
 22.6 -3.273228477 2.854845273 -0.04648382593 -0.1795881251 3.747042066 20.26878371
 22.7 -3.237764846 2.854450485 -0.03259348116 -0.147034321 3.067818544 20.26715602
 22.7 -3.237764846 2.854450485 -0.03259348116 -0.147034321 3.067818544 20.26715602
 22.8 -3.202333868 2.854191062 -0.01940561273 -0.1203815205 2.511717364 20.26582338
 22.8 -3.202333868 2.854191062 -0.01940561273 -0.1203815205 2.511717364 20.26582338
 22.9 -3.166922351 2.854060133 -0.006889794135 -0.09856005301 2.05642023 20.2647323
 22.9 -3.166922351 2.854060133 -0.006889794135 -0.09856005301 2.05642023 20.2647323
 23 -3.131517778 2.854051123 0.004983101312 -0.08069414649 1.683654468 20.26383901
 23 -3.131517778 2.854051123 0.004983101312 -0.08069414649 1.683654468 20.26383901
 23.1 -3.096108272 2.854157745 0.01624095603 -0.06606677938 1.378459678 20.26310764
 23.1 -3.096108272 2.854157745 0.01624095603 -0.06606677938 1.378459678 20.26310764
 23.2 -3.060682575 2.854373982 0.02691046128 -0.05409090409 1.12858732 20.26250884
 23.2 -3.060682575 2.854373982 0.02691046128 -0.05409090409 1.12858732 20.26250884
 23.3 -3.025230014 2.854694078 0.03701716805 -0.04428588668 0.9240091376 20.26201859
 23.3 -3.025230014 2.854694078 0.03701716805 -0.04428588668 0.9240091376 20.26201859
 23.4 -2.989740481 2.855112531 0.04658553574 -0.03625821739 0.7565146901 20.26161721
 23.4 -2.989740481 2.855112531 0.04658553574 -0.03625821739 0.7565146901 20.26161721
 23.5 -2.954204405 2.855624073 0.05563897878 -0.02968571767 0.6193818362 20.26128859
 23.5 -2.954204405 2.855624073 0.05563897878 -0.02968571767 0.6193818362 20.26128859
 23.6 -2.918612732 2.856223669 0.06419991128 -0.02430461003 0.5071069526 20.26101953
 23.6 -2.918612732 2.856223669 0.06419991128 -0.02430461003 0.5071069526 20.26101953
 23.7 -2.882956897 2.856906501 0.07228978971 -0.01989893172 0.4151840533 20.26079925
 23.7 -2.882956897 2.856906501 0.07228978971 -0.01989893172 0.4151840533 20.26079925
 23.8 -2.847228811 2.857667963 0.07992915382 -0.0162918674 0.3399239495 20.26061889
 23.8 -2.847228811 2.857667963 0.07992915382 -0.0162918674 0.3399239495 20.26061889
 23.9 -2.811420831 2.858503648 0.08713766579 -0.01333865291 0.2783061886 20.26047123
 23.9 -2.811420831 2.858503648 0.08713766579 -0.01333865291 0.2783061886 20.26047123
 24 -2.775525748 2.859409343 0.09393414768 -0.01092076537 0.2278578333 20.26035034
 24 -2.775525748 2.859409343 0.09393414768 -0.01092076537 0.2278578333 20.26035034
 24.1 -2.739536763 2.860381018 0.1003366173 -0.008941166485 0.1865542137 20.26025136
 24.1 -2.739536763 2.860381018 0.1003366173 -0.008941166485 0.1865542137 20.26025136
 24.2 -2.703447474 2.861414819 0.1063623228 -0.007320407992 0.1527376705 20.26017032
 24.2 -2.703447474 2.861414819 0.1063623228 -0.007320407992 0.1527376705 20.26017032
 24.3 -2.667251852 2.862507063 0.1120277749 -0.005993443166 0.1250510268 20.26010397
 24.3 -2.667251852 2.862507063 0.1120277749 -0.005993443166 0.1250510268 20.26010397
 24.4 -2.63094423 2.863654227 0.1173487791 -0.004907016252 0.1023831204 20.26004965
 24.4 -2.63094423 2.863654227 0.1173487791 -0.004907016252 0.1023831204 20.26004965
 24.5 -2.594519288 2.864852941 0.1223404655 -0.004017525123 0.08382420851 20.26000518
 24.5 -2.594519288 2.864852941 0.1223404655 -0.004017525123 0.08382420851 20.26000518
 24.6 -2.557972031 2.866099987 0.1270173175 -0.00328927138 0.06862945673 20.25996876
 24.6 -2.557972031 2.866099987 0.1270173175 -0.00328927138 0.06862945673 20.25996876
 24.7 -2.521297782 2.867392284 0.1313931997 -0.002693027642 0.05618904627 20.25993895
 24.7 -2.521297782 2.867392284 0.1313931997 -0.002693027642 0.05618904627 20.25993895
 24.8 -2.484492164 2.868726892 0.1354813839 -0.002204864556 0.04600369975 20.25991454
 24.8 -2.484492164 2.868726892 0.1354813839 -0.002204864556 0.04600369975 20.25991454
 24.9 -2.447551088 2.870100995 0.1392945749 -0.001805190424 0.03766464339 20.25989456
 24.9 -2.447551088 2.870100995 0.1392945749 -0.001805190424 0.03766464339 20.25989456
 25 -2.410470738 2.871511907 0.1428449346 -0.00147796492 0.03083720156 20.2598782
 25 -2.410470738 2.871511907 0.1428449346 -0.00147796492 0.03083720156 20.2598782
 25.1 -2.373247565 2.872957057 0.1461441048 -0.001210055335 0.02524736503 20.2598648
 25.1 -2.373247565 2.872957057 0.1461441048 -0.001210055335 0.02524736503 20.2598648
 25.2 -2.335878268 2.874433989 0.1492032298 -0.000990709519 0.02067079399 20.25985383
 25.2 -2.335878268 2.874433989 0.1492032298 -0.000990709519 0.02067079399 20.25985383
 25.3 -2.298359786 2.875940357 0.1520329777 -0.000811124353 0.01692381457 20.25984486
 25.3 -2.298359786 2.875940357 0.1520329777 -0.000811124353 0.01692381457 20.25984486
 25.4 -2.26068929 2.877473918 0.1546435602 -0.0006640924544 0.01385604732 20.2598375
 25.4 -2.26068929 2.877473918 0.1546435602 -0.0006640924544 0.01385604732 20.2598375
 25.5 -2.222864168 2.87903253 0.1570447527 -0.0005437129169 0.01134437196 20.25983148
 25.5 -2.222864168 2.87903253 0.1570447527 -0.0005437129169 0.01134437196 20.25983148
 25.6 -2.184882017 2.880614146 0.1592459127 -0.0004451544873 0.009287986109 20.25982656
 25.6 -2.184882017 2.880614146 0.1592459127 -0.0004451544873 0.009287986109 20.25982656
 25.7 -2.146740637 2.882216812 0.1612559975 -0.0003644616697 0.007604359792 20.25982252
 25.7 -2.146740637 2.882216812 0.1612559975 -0.0003644616697 0.007604359792 20.25982252
 25.8 -2.108438016 2.883838658 0.1630835815 -0.0002983959782 0.006225923161 20.25981922
 25.8 -2.108438016 2.883838658 0.1630835815 -0.0002983959782 0.006225923161 20.25981922
 25.9 -2.069972325 2.885477902 0.1647368723 -0.0002443059647 0.005097354712 20.25981651
 25.9 -2.069972325 2.885477902 0.1647368723 -0.0002443059647 0.005097354712 20.25981651
 26 -2.031341912 2.887132841 0.1662237267 -0.0002000208071 0.004173361023 20.2598143
 26 -2.031341912 2.887132841 0.1662237267 -0.0002000208071 0.004173361023 20.2598143
 26.1 -1.992545288 2.888801847 0.1675516654 -0.0001637631865 0.003416858982 20.25981249
 26.1 -1.992545288 2.888801847 0.1675516654 -0.0001637631865 0.003416858982 20.25981249
 26.2 -1.953581126 2.890483368 0.1687278874 -0.0001340779572 0.002797487502 20.259811
 26.2 -1.953581126 2.890483368 0.1687278874 -0.0001340779572 0.002797487502 20.259811
 26.3 -1.914448247 2.892175922 0.1697592838 -0.0001097737469 0.002290389028 20.25980979
 26.3 -1.914448247 2.892175922 0.1697592838 -0.0001097737469 0.002290389028 20.25980979
 26.4 -1.875145621 2.893878093 0.1706524511 -8.987514244e-05 0.001875211916 20.25980879
 26.4 -1.875145621 2.893878093 0.1706524511 -8.987514244e-05 0.001875211916 20.25980879
 26.5 -1.835672353 2.895588532 0.1714137033 -7.358354296e-05 0.00153529365 20.25980798
 26.5 -1.835672353 2.895588532 0.1714137033 -7.358354296e-05 0.00153529365 20.25980798
 26.6 -1.796027682 2.897305948 0.1720490844 -6.024510944e-05 0.001256992115 20.25980731
 26.6 -1.796027682 2.897305948 0.1720490844 -6.024510944e-05 0.001256992115 20.25980731
 26.7 -1.756210972 2.899029113 0.1725643798 -4.932452371e-05 0.001029138091 20.25980677
 26.7 -1.756210972 2.899029113 0.1725643798 -4.932452371e-05 0.001029138091 20.25980677
 26.8 -1.716221707 2.900756854 0.1729651273 -4.038350434e-05 0.0008425869968 20.25980632
 26.8 -1.716221707 2.900756854 0.1729651273 -4.038350434e-05 0.0008425869968 20.25980632
 26.9 -1.676059486 2.902488051 0.1732566277 -3.306321683e-05 0.0006898518801 20.25980595
 26.9 -1.676059486 2.902488051 0.1732566277 -3.306321683e-05 0.0006898518801 20.25980595
 27 -1.635724017 2.904221639 0.1734439549 -2.706987233e-05 0.0005648029441 20.25980565
 27 -1.635724017 2.904221639 0.1734439549 -2.706987233e-05 0.0005648029441 20.25980565
 27.1 -1.595215112 2.905956599 0.1735319655 -2.216293688e-05 0.0004624215355 20.25980541
 27.1 -1.595215112 2.905956599 0.1735319655 -2.216293688e-05 0.0004624215355 20.25980541
 27.2 -1.554532684 2.907691963 0.1735253084 -1.814547794e-05 0.0003785987285 20.25980521
 27.2 -1.554532684 2.907691963 0.1735253084 -1.814547794e-05 0.0003785987285 20.25980521
 27.3 -1.513676737 2.909426805 0.1734284332 -1.485626077e-05 0.0003099704192 20.25980504
 27.3 -1.513676737 2.909426805 0.1734284332 -1.485626077e-05 0.0003099704192 20.25980504
 27.4 -1.472647369 2.911160245 0.1732455991 -1.216327752e-05 0.0002537823125 20.25980491
 27.4 -1.472647369 2.911160245 0.1732455991 -1.216327752e-05 0.0002537823125 20.25980491
 27.5 -1.431444763 2.912891444 0.1729808826 -9.958449327e-06 0.0002077793821 20.2598048
 27.5 -1.431444763 2.912891444 0.1729808826 -9.958449327e-06 0.0002077793821 20.2598048
 27.6 -1.390069182 2.914619603 0.172638186 -8.153288685e-06 0.0001701153687 20.25980471
 27.6 -1.390069182 2.914619603 0.172638186 -8.153288685e-06 0.0001701153687 20.25980471
 27.7 -1.348520969 2.91634396 0.1722212441 -6.675348159e-06 0.000139278683 20.25980463
 27.7 -1.348520969 2.91634396 0.1722212441 -6.675348159e-06 0.000139278683 20.25980463
 27.8 -1.306800541 2.918063792 0.1717336316 -5.465312804e-06 0.0001140317403 20.25980457
 27.8 -1.306800541 2.918063792 0.1717336316 -5.465312804e-06 0.0001140317403 20.25980457
 27.9 -1.264908385 2.919778409 0.1711787701 -4.47461965e-06 9.336129203e-05 20.25980452
 27.9 -1.264908385 2.919778409 0.1711787701 -4.47461965e-06 9.336129203e-05 20.25980452
 28 -1.222845055 2.921487154 0.1705599346 -3.663508701e-06 7.643776049e-05 20.25980448
 28 -1.222845055 2.921487154 0.1705599346 -3.663508701e-06 7.643776049e-05 20.25980448
 28.1 -1.18061117 2.923189405 0.1698802595 -2.999427225e-06 6.258194487e-05 20.25980445
 28.1 -1.18061117 2.923189405 0.1698802595 -2.999427225e-06 6.258194487e-05 20.25980445
 28.2 -1.13820741 2.924884567 0.1691427449 -2.455723301e-06 5.123776259e-05 20.25980442
 28.2 -1.13820741 2.924884567 0.1691427449 -2.455723301e-06 5.123776259e-05 20.25980442
 28.3 -1.095634512 2.926572076 0.1683502621 -2.010576179e-06 4.194993174e-05 20.2598044
 28.3 -1.095634512 2.926572076 0.1683502621 -2.010576179e-06 4.194993174e-05 20.2598044
 28.4 -1.052893268 2.928251398 0.1675055592 -1.646120542e-06 3.434569904e-05 20.25980438
 28.4 -1.052893268 2.928251398 0.1675055592 -1.646120542e-06 3.434569904e-05 20.25980438
 28.5 -1.009984522 2.929922022 0.1666112664 -1.347729506e-06 2.811987991e-05 20.25980437
 28.5 -1.009984522 2.929922022 0.1666112664 -1.347729506e-06 2.811987991e-05 20.25980437
 28.6 -0.9669091696 2.931583466 0.165669901 -1.103427589e-06 2.302261035e-05 20.25980435
 28.6 -0.9669091696 2.931583466 0.165669901 -1.103427589e-06 2.302261035e-05 20.25980435
 28.7 -0.9236681506 2.933235271 0.1646838722 -9.034100968e-07 1.884931902e-05 20.25980434
 28.7 -0.9236681506 2.933235271 0.1646838722 -9.034100968e-07 1.884931902e-05 20.25980434
 28.8 -0.8802624512 2.934877002 0.1636554856 -7.396496258e-07 1.543251709e-05 20.25980434
 28.8 -0.8802624512 2.934877002 0.1636554856 -7.396496258e-07 1.543251709e-05 20.25980434
 28.9 -0.8366930997 2.936508247 0.1625869478 -6.055738927e-07 1.263507628e-05 20.25980433
 28.9 -0.8366930997 2.936508247 0.1625869478 -6.055738927e-07 1.263507628e-05 20.25980433
 29 -0.7929611643 2.938128615 0.1614803707 -4.958019671e-07 1.034472547e-05 20.25980432
 29 -0.7929611643 2.938128615 0.1614803707 -4.958019671e-07 1.034472547e-05 20.25980432
 29.1 -0.7490677517 2.939737735 0.1603377751 -4.059283162e-07 8.46954484e-06 20.25980432
 29.1 -0.7490677517 2.939737735 0.1603377751 -4.059283162e-07 8.46954484e-06 20.25980432
 29.2 -0.7050140041 2.941335257 0.1591610952 -3.323459946e-07 6.934276795e-06 20.25980432
 29.2 -0.7050140041 2.941335257 0.1591610952 -3.323459946e-07 6.934276795e-06 20.25980432
 29.3 -0.660801098 2.942920849 0.1579521817 -2.721018853e-07 5.677305638e-06 20.25980431
 29.3 -0.660801098 2.942920849 0.1579521817 -2.721018853e-07 5.677305638e-06 20.25980431
 29.4 -0.6164302424 2.944494199 0.1567128057 -2.227781806e-07 4.6481847e-06 20.25980431
 29.4 -0.6164302424 2.944494199 0.1567128057 -2.227781806e-07 4.6481847e-06 20.25980431
 29.5 -0.5719026763 2.946055009 0.1554446622 -1.823953468e-07 3.805611744e-06 20.25980431
 29.5 -0.5719026763 2.946055009 0.1554446622 -1.823953468e-07 3.805611744e-06 20.25980431
 29.6 -0.5272196678 2.947603001 0.1541493731 -1.49332679e-07 3.115771356e-06 20.25980431
 29.6 -0.5272196678 2.947603001 0.1541493731 -1.49332679e-07 3.115771356e-06 20.25980431
 29.7 -0.4823825121 2.949137911 0.1528284901 -1.222632562e-07 2.550977818e-06 20.25980431
 29.7 -0.4823825121 2.949137911 0.1528284901 -1.222632562e-07 2.550977818e-06 20.25980431
 29.8 -0.4373925299 2.950659491 0.1514834985 -1.001006874e-07 2.088563981e-06 20.2598043
 29.8 -0.4373925299 2.950659491 0.1514834985 -1.001006874e-07 2.088563981e-06 20.2598043
 29.9 -0.3922510661 2.952167506 0.1501158192 -8.195551085e-08 1.709971554e-06 20.2598043
 29.9 -0.3922510661 2.952167506 0.1501158192 -8.195551085e-08 1.709971554e-06 20.2598043
 30 -0.3469594882 2.953661736 0.1487268116 -6.709949684e-08 1.400006292e-06 20.2598043
 30 -0.3469594882 2.953661736 0.1487268116 -6.709949684e-08 1.400006292e-06 20.2598043
 30.1 -0.3015191853 2.955141975 0.1473177769 -5.493642134e-08 1.146228201e-06 20.2598043
 30.1 -0.3015191853 2.955141975 0.1473177769 -5.493642134e-08 1.146228201e-06 20.2598043
 30.2 -0.2559315661 2.956608029 0.1458899596 -4.497813743e-08 9.384522742e-07 20.2598043
 30.2 -0.2559315661 2.956608029 0.1458899596 -4.497813743e-08 9.384522742e-07 20.2598043
 30.3 -0.2101980584 2.958059716 0.1444445505 -3.682498418e-08 7.683397339e-07 20.2598043
 30.3 -0.2101980584 2.958059716 0.1444445505 -3.682498418e-08 7.683397339e-07 20.2598043
 30.4 -0.1643201075 2.959496865 0.1429826891 -3.01497469e-08 6.290633663e-07 20.2598043
 30.4 -0.1643201075 2.959496865 0.1429826891 -3.01497469e-08 6.290633663e-07 20.2598043
 30.5 -0.1182991752 2.960919318 0.1415054652 -2.468452488e-08 5.150335215e-07 20.2598043
 30.5 -0.1182991752 2.960919318 0.1415054652 -2.468452488e-08 5.150335215e-07 20.2598043
 30.6 -0.07213673863 2.962326927 0.1400139217 -2.020997956e-08 4.216737811e-07 20.2598043
 30.6 -0.07213673863 2.962326927 0.1400139217 -2.020997956e-08 4.216737811e-07 20.2598043
 30.7 -0.02583428926 2.963719552 0.1385090561 -1.654653172e-08 3.452372909e-07 20.2598043
 30.7 -0.02583428926 2.963719552 0.1385090561 -1.654653172e-08 3.452372909e-07 20.2598043
 30.8 0.02060666813 2.965097067 0.1369918226 -1.354715432e-08 2.82656386e-07 20.2598043
 30.8 0.02060666813 2.965097067 0.1369918226 -1.354715432e-08 2.82656386e-07 20.2598043
 30.9 0.06718461639 2.966459351 0.135463134 -1.109147181e-08 2.314194748e-07 20.2598043
 30.9 0.06718461639 2.966459351 0.135463134 -1.109147181e-08 2.314194748e-07 20.2598043
 31 0.1138980269 2.967806294 0.1339238635 -9.080929028e-09 1.894702401e-07 20.2598043
 31 0.1138980269 2.967806294 0.1339238635 -9.080929028e-09 1.894702401e-07 20.2598043
 31.1 0.1607453605 2.969137795 0.1323748462 -7.434835831e-09 1.551251117e-07 20.2598043
 31.1 0.1607453605 2.969137795 0.1323748462 -7.434835831e-09 1.551251117e-07 20.2598043
 31.2 0.2077250681 2.970453761 0.1308168808 -6.087128713e-09 1.27005699e-07 20.2598043
 31.2 0.2077250681 2.970453761 0.1308168808 -6.087128713e-09 1.27005699e-07 20.2598043
 31.3 0.254835592 2.971754106 0.1292507313 -4.983719454e-09 1.039834711e-07 20.2598043
 31.3 0.254835592 2.971754106 0.1292507313 -4.983719454e-09 1.039834711e-07 20.2598043
 31.4 0.302075366 2.973038751 0.1276771283 -4.080324365e-09 8.513446528e-08 20.2598043
 31.4 0.302075366 2.973038751 0.1276771283 -4.080324365e-09 8.513446528e-08 20.2598043
 31.5 0.3494428165 2.974307626 0.1260967704 -3.340687026e-09 6.970220458e-08 20.2598043
 31.5 0.3494428165 2.974307626 0.1260967704 -3.340687026e-09 6.970220458e-08 20.2598043
 31.6 0.3969363633 2.975560666 0.1245103258 -2.735123193e-09 5.70673382e-08 20.2598043
 31.6 0.3969363633 2.975560666 0.1245103258 -2.735123193e-09 5.70673382e-08 20.2598043
 31.7 0.44455442 2.976797814 0.1229184333 -2.239329462e-09 4.672278459e-08 20.2598043
 31.7 0.44455442 2.976797814 0.1229184333 -2.239329462e-09 4.672278459e-08 20.2598043
 31.8 0.4922953947 2.978019019 0.1213217038 -1.833407889e-09 3.825338045e-08 20.2598043
 31.8 0.4922953947 2.978019019 0.1213217038 -1.833407889e-09 3.825338045e-08 20.2598043
 31.9 0.5401576908 2.979224234 0.1197207213 -1.501067416e-09 3.131921885e-08 20.2598043
 31.9 0.5401576908 2.979224234 0.1197207213 -1.501067416e-09 3.131921885e-08 20.2598043
 32 0.5881397073 2.980413421 0.1181160442 -1.22897005e-09 2.564200753e-08 20.2598043
 32 0.5881397073 2.980413421 0.1181160442 -1.22897005e-09 2.564200753e-08 20.2598043
 32.1 0.6362398395 2.981586544 0.1165082062 -1.006195571e-09 2.099390005e-08 20.2598043
 32.1 0.6362398395 2.981586544 0.1165082062 -1.006195571e-09 2.099390005e-08 20.2598043
 32.2 0.6844564797 2.982743576 0.1148977175 -8.238032539e-10 1.718835152e-08 20.2598043
 32.2 0.6844564797 2.982743576 0.1148977175 -8.238032539e-10 1.718835152e-08 20.2598043
 32.3 0.7327880175 2.983884492 0.1132850658 -6.744730556e-10 1.407263193e-08 20.2598043
 32.3 0.7327880175 2.983884492 0.1132850658 -6.744730556e-10 1.407263193e-08 20.2598043
 32.4 0.7812328402 2.985009272 0.1116707172 -5.522118304e-10 1.152169649e-08 20.2598043
 32.4 0.7812328402 2.985009272 0.1116707172 -5.522118304e-10 1.152169649e-08 20.2598043
 32.5 0.8297893335 2.986117902 0.1100551172 -4.521128059e-10 9.433167202e-09 20.2598043
 32.5 0.8297893335 2.986117902 0.1100551172 -4.521128059e-10 9.433167202e-09 20.2598043
 32.6 0.8784558819 2.987210371 0.1084386914 -3.701586565e-10 7.723224055e-09 20.2598043
 32.6 0.8784558819 2.987210371 0.1084386914 -3.701586565e-10 7.723224055e-09 20.2598043
 32.7 0.9272308689 2.988286674 0.1068218465 -3.030602743e-10 6.32324102e-09 20.2598043
 32.7 0.9272308689 2.988286674 0.1068218465 -3.030602743e-10 6.32324102e-09 20.2598043
 32.8 0.9761126778 2.989346808 0.1052049712 -2.481247656e-10 5.177031861e-09 20.2598043
 32.8 0.9761126778 2.989346808 0.1052049712 -2.481247656e-10 5.177031861e-09 20.2598043
 32.9 1.025099692 2.990390775 0.1035884365 -2.031473753e-10 4.238595176e-09 20.2598043
 32.9 1.025099692 2.990390775 0.1035884365 -2.031473753e-10 4.238595176e-09 20.2598043
 33 1.074190294 2.991418579 0.1019725971 -1.663230029e-10 3.470268206e-09 20.2598043
 33 1.074190294 2.991418579 0.1019725971 -1.663230029e-10 3.470268206e-09 20.2598043
 33.1 1.123382869 2.99243023 0.1003577917 -1.361737568e-10 2.84121529e-09 20.2598043
 33.1 1.123382869 2.99243023 0.1003577917 -1.361737568e-10 2.84121529e-09 20.2598043
 33.2 1.172675802 2.99342574 0.09874434374 -1.11489642e-10 2.326190324e-09 20.2598043
 33.2 1.172675802 2.99342574 0.09874434374 -1.11489642e-10 2.326190324e-09 20.2598043
 33.3 1.222067479 2.994405123 0.09713256195 -9.127999818e-11 1.904523548e-09 20.2598043
 33.3 1.222067479 2.994405123 0.09713256195 -9.127999818e-11 1.904523548e-09 20.2598043
 33.4 1.27155629 2.995368397 0.09552274124 -7.473374134e-11 1.559291992e-09 20.2598043
 33.4 1.27155629 2.995368397 0.09552274124 -7.473374134e-11 1.559291992e-09 20.2598043
 33.5 1.321140623 2.996315585 0.09391516306 -6.118681207e-11 1.276640302e-09 20.2598043
 33.5 1.321140623 2.996315585 0.09391516306 -6.118681207e-11 1.276640302e-09 20.2598043
 33.6 1.370818871 2.997246709 0.09231009606 -5.009552452e-11 1.045224671e-09 20.2598043
 33.6 1.370818871 2.997246709 0.09231009606 -5.009552452e-11 1.045224671e-09 20.2598043
 33.7 1.42058943 2.998161796 0.09070779664 -4.101474634e-11 8.557575785e-10 20.2598043
 33.7 1.42058943 2.998161796 0.09070779664 -4.101474634e-11 8.557575785e-10 20.2598043
 33.8 1.470450697 2.999060875 0.08910850941 -3.358003402e-11 7.006350438e-10 20.2598043
 33.8 1.470450697 2.999060875 0.08910850941 -3.358003402e-11 7.006350438e-10 20.2598043
 33.9 1.520401072 2.999943977 0.08751246777 -2.749300642e-11 5.736314546e-10 20.2598043
 33.9 1.520401072 2.999943977 0.08751246777 -2.749300642e-11 5.736314546e-10 20.2598043
 34 1.570438961 3.000811136 0.08591989432 -2.250936976e-11 4.696497109e-10 20.2598043
 34 1.570438961 3.000811136 0.08591989432 -2.250936976e-11 4.696497109e-10 20.2598043
 34.1 1.620562769 3.001662387 0.08433100135 -1.842911318e-11 3.845166598e-10 20.2598043
 34.1 1.620562769 3.001662387 0.08433100135 -1.842911318e-11 3.845166598e-10 20.2598043
 34.2 1.670770909 3.002497769 0.08274599128 -1.508848165e-11 3.148156132e-10 20.2598043
 34.2 1.670770909 3.002497769 0.08274599128 -1.508848165e-11 3.148156132e-10 20.2598043
 34.3 1.721061795 3.003317321 0.08116505705 -1.235340389e-11 2.57749223e-10 20.2598043
 34.3 1.721061795 3.003317321 0.08116505705 -1.235340389e-11 2.57749223e-10 20.2598043
 34.4 1.771433847 3.004121084 0.07958838257 -1.011411163e-11 2.110272145e-10 20.2598043
 34.4 1.771433847 3.004121084 0.07958838257 -1.011411163e-11 2.110272145e-10 20.2598043
 34.5 1.821885487 3.004909103 0.07801614304 -8.280734194e-12 1.727744695e-10 20.2598043
 34.5 1.821885487 3.004909103 0.07801614304 -8.280734194e-12 1.727744695e-10 20.2598043
 34.6 1.872415144 3.005681422 0.07644850539 -6.779691715e-12 1.41455771e-10 20.2598043
 34.6 1.872415144 3.005681422 0.07644850539 -6.779691715e-12 1.41455771e-10 20.2598043
 34.7 1.92302125 3.006438089 0.07488562856 -5.55074208e-12 1.158141894e-10 20.2598043
 34.7 1.92302125 3.006438089 0.07488562856 -5.55074208e-12 1.158141894e-10 20.2598043
 34.8 1.973702242 3.007179151 0.0733276639 -4.544563224e-12 9.482063811e-11 20.2598043
 34.8 1.973702242 3.007179151 0.0733276639 -4.544563224e-12 9.482063811e-11 20.2598043
 34.9 2.024456562 3.007904659 0.07177475544 -3.720773655e-12 7.763257212e-11 20.2598043
 34.9 2.024456562 3.007904659 0.07177475544 -3.720773655e-12 7.763257212e-11 20.2598043
 35 2.075282657 3.008614664 0.07022704023 -3.046311804e-12 6.356017397e-11 20.2598043
 35 2.075282657 3.008614664 0.07022704023 -3.046311804e-12 6.356017397e-11 20.2598043
 35.1 2.12617898 3.009309218 0.06868464864 -2.494109147e-12 5.203866888e-11 20.2598043
 35.1 2.12617898 3.009309218 0.06868464864 -2.494109147e-12 5.203866888e-11 20.2598043
 35.2 2.177143987 3.009988375 0.06714770462 -2.042003852e-12 4.260565838e-11 20.2598043
 35.2 2.177143987 3.009988375 0.06714770462 -2.042003852e-12 4.260565838e-11 20.2598043
 35.3 2.228176143 3.01065219 0.06561632598 -1.671851344e-12 3.488256263e-11 20.2598043
 35.3 2.228176143 3.01065219 0.06561632598 -1.671851344e-12 3.488256263e-11 20.2598043
 35.4 2.279273916 3.01130072 0.06409062467 -1.368796104e-12 2.855942665e-11 20.2598043
 35.4 2.279273916 3.01130072 0.06409062467 -1.368796104e-12 2.855942665e-11 20.2598043
 35.5 2.33043578 3.011934022 0.06257070698 -1.120675461e-12 2.338248079e-11 20.2598043
 35.5 2.33043578 3.011934022 0.06257070698 -1.120675461e-12 2.338248079e-11 20.2598043
 35.6 2.381660215 3.012552154 0.06105667384 -9.175314599e-13 1.914395603e-11 20.2598043
 35.6 2.381660215 3.012552154 0.06105667384 -9.175314599e-13 1.914395603e-11 20.2598043
 35.7 2.432945707 3.013155176 0.059548621 -7.5121122e-13 1.567374547e-11 20.2598043
 35.7 2.432945707 3.013155176 0.059548621 -7.5121122e-13 1.567374547e-11 20.2598043
 35.8 2.484290748 3.013743147 0.05804663926 -6.150397253e-13 1.283257738e-11 20.2598043
 35.8 2.484290748 3.013743147 0.05804663926 -6.150397253e-13 1.283257738e-11 20.2598043
 35.9 2.535693837 3.014316129 0.05655081469 -5.035519353e-13 1.05064257e-11 20.2598043
 35.9 2.535693837 3.014316129 0.05655081469 -5.035519353e-13 1.05064257e-11 20.2598043
 36 2.587153476 3.014874184 0.05506122882 -4.122734535e-13 8.601933786e-12 20.2598043
 36 2.587153476 3.014874184 0.05506122882 -4.122734535e-13 8.601933786e-12 20.2598043
 36.1 2.638668178 3.015417375 0.05357795885 -3.375409536e-13 7.042667697e-12 20.2598043
 36.1 2.638668178 3.015417375 0.05357795885 -3.375409536e-13 7.042667697e-12 20.2598043
 36.2 2.690236458 3.015945764 0.05210107778 -2.76355158e-13 5.766048603e-12 20.2598043
 36.2 2.690236458 3.015945764 0.05210107778 -2.76355158e-13 5.766048603e-12 20.2598043
 36.3 2.741856839 3.016459418 0.05063065466 -2.262604657e-13 4.720841295e-12 20.2598043
 36.3 2.741856839 3.016459418 0.05063065466 -2.262604657e-13 4.720841295e-12 20.2598043
 36.4 2.793527852 3.016958399 0.0491667547 -1.852464007e-13 3.865097933e-12 20.2598043
 36.4 2.793527852 3.016958399 0.0491667547 -1.852464007e-13 3.865097933e-12 20.2598043
 36.5 2.845248032 3.017442775 0.04770943946 -1.516669245e-13 3.164474528e-12 20.2598043
 36.5 2.845248032 3.017442775 0.04770943946 -1.516669245e-13 3.164474528e-12 20.2598043
 36.6 2.897015923 3.01791261 0.04625876699 -1.241743748e-13 2.590852602e-12 20.2598043
 36.6 2.897015923 3.01791261 0.04625876699 -1.241743748e-13 2.590852602e-12 20.2598043
 36.7 2.948830072 3.018367972 0.04481479199 -1.01665379e-13 2.121210693e-12 20.2598043
 36.7 2.948830072 3.018367972 0.04481479199 -1.01665379e-13 2.121210693e-12 20.2598043
 36.8 3.000689037 3.018808928 0.04337756594 -8.323657193e-14 1.736700421e-12 20.2598043
 36.8 3.000689037 3.018808928 0.04337756594 -8.323657193e-14 1.736700421e-12 20.2598043
 36.9 3.05259138 3.019235546 0.04194713725 -6.814834093e-14 1.421890038e-12 20.2598043
 36.9 3.05259138 3.019235546 0.04194713725 -6.814834093e-14 1.421890038e-12 20.2598043
 37 3.10453567 3.019647894 0.04052355135 -5.579514226e-14 1.164145096e-12 20.2598043
 37 3.10453567 3.019647894 0.04052355135 -5.579514226e-14 1.164145096e-12 20.2598043
 37.1 3.156520485 3.02004604 0.03910685088 -4.568119865e-14 9.531213875e-13 20.2598043
 37.1 3.156520485 3.02004604 0.03910685088 -4.568119865e-14 9.531213875e-13 20.2598043
 37.2 3.208544407 3.020430054 0.03769707574 -3.740060201e-14 7.803497881e-13 20.2598043
 37.2 3.208544407 3.020430054 0.03769707574 -3.740060201e-14 7.803497881e-13 20.2598043
 37.3 3.260606027 3.020800005 0.03629426326 -3.062102292e-14 6.38896367e-13 20.2598043
 37.3 3.260606027 3.020800005 0.03629426326 -3.062102292e-14 6.38896367e-13 20.2598043
 37.4 3.312703942 3.021155963 0.03489844827 -2.507037305e-14 5.230841015e-13 20.2598043
 37.4 3.312703942 3.021155963 0.03489844827 -2.507037305e-14 5.230841015e-13 20.2598043
 37.5 3.364836756 3.021497997 0.03350966322 -2.052588532e-14 4.282650385e-13 20.2598043
 37.5 3.364836756 3.021497997 0.03350966322 -2.052588532e-14 4.282650385e-13 20.2598043
 37.6 3.41700308 3.021826179 0.03212793828 -1.680517348e-14 3.50633756e-13 20.2598043
 37.6 3.41700308 3.021826179 0.03212793828 -1.680517348e-14 3.50633756e-13 20.2598043
 37.7 3.469201532 3.02214058 0.03075330144 -1.375891228e-14 2.870746379e-13 20.2598043
 37.7 3.469201532 3.02214058 0.03075330144 -1.375891228e-14 2.870746379e-13 20.2598043
 37.8 3.521430739 3.022441269 0.02938577857 -1.126484456e-14 2.350368335e-13 20.2598043
 37.8 3.521430739 3.022441269 0.02938577857 -1.126484456e-14 2.350368335e-13 20.2598043
 37.9 3.573689331 3.022728319 0.02802539358 -9.222874635e-15 1.924318829e-13 20.2598043
 37.9 3.573689331 3.022728319 0.02802539358 -9.222874635e-15 1.924318829e-13 20.2598043
 38 3.62597595 3.023001801 0.02667216841 -7.551051064e-15 1.575498997e-13 20.2598043
 38 3.62597595 3.023001801 0.02667216841 -7.551051064e-15 1.575498997e-13 20.2598043
 38.1 3.678289242 3.023261786 0.02532612319 -6.182277698e-15 1.289909475e-13 20.2598043
 38.1 3.678289242 3.023261786 0.02532612319 -6.182277698e-15 1.289909475e-13 20.2598043
 38.2 3.73062786 3.023508347 0.02398727625 -5.061620854e-15 1.056088552e-13 20.2598043
 38.2 3.73062786 3.023508347 0.02398727625 -5.061620854e-15 1.056088552e-13 20.2598043
 38.3 3.782990466 3.023741556 0.02265564427 -4.144104636e-15 8.646521715e-14 20.2598043
 38.3 3.782990466 3.023741556 0.02265564427 -4.144104636e-15 8.646521715e-14 20.2598043
 38.4 3.835375728 3.023961484 0.02133124228 -3.392905896e-15 7.079173206e-14 20.2598043
 38.4 3.835375728 3.023961484 0.02133124228 -3.392905896e-15 7.079173206e-14 20.2598043
 38.5 3.887782323 3.024168205 0.02001408376 -2.777876387e-15 5.795936786e-14 20.2598043
 38.5 3.887782323 3.024168205 0.02001408376 -2.777876387e-15 5.795936786e-14 20.2598043
 38.6 3.940208932 3.02436179 0.01870418072 -2.274332817e-15 4.745311669e-14 20.2598043
 38.6 3.940208932 3.02436179 0.01870418072 -2.274332817e-15 4.745311669e-14 20.2598043
 38.7 3.992654245 3.024542313 0.0174015437 -1.862066212e-15 3.88513258e-14 20.2598043
 38.7 3.992654245 3.024542313 0.0174015437 -1.862066212e-15 3.88513258e-14 20.2598043
 38.8 4.045116961 3.024709845 0.01610618193 -1.524530866e-15 3.18087751e-14 20.2598043
 38.8 4.045116961 3.024709845 0.01610618193 -1.524530866e-15 3.18087751e-14 20.2598043
 38.9 4.097595784 3.024864461 0.01481810328 -1.248180299e-15 2.604282228e-14 20.2598043
 38.9 4.097595784 3.024864461 0.01481810328 -1.248180299e-15 2.604282228e-14 20.2598043
 39 4.150089425 3.025006232 0.01353731439 -1.021923592e-15 2.132205941e-14 20.2598043
 39 4.150089425 3.025006232 0.01353731439 -1.021923592e-15 2.132205941e-14 20.2598043
 39.1 4.202596604 3.025135231 0.0122638207 -8.366802682e-16 1.745702568e-14 20.2598043
 39.1 4.202596604 3.025135231 0.0122638207 -8.366802682e-16 1.745702568e-14 20.2598043
 39.2 4.255116048 3.025251533 0.01099762647 -6.850158632e-16 1.429260373e-14 20.2598043
 39.2 4.255116048 3.025251533 0.01099762647 -6.850158632e-16 1.429260373e-14 20.2598043
 39.3 4.30764649 3.025355208 0.00973873488 -5.608435512e-16 1.170179416e-14 20.2598043
 39.3 4.30764649 3.025355208 0.00973873488 -5.608435512e-16 1.170179416e-14 20.2598043
 39.4 4.360186671 3.025446332 0.008487148039 -4.591798611e-16 9.580618707e-15 20.2598043
 39.4 4.360186671 3.025446332 0.008487148039 -4.591798611e-16 9.580618707e-15 20.2598043
 39.5 4.41273534 3.025524976 0.007242867039 -3.759446719e-16 7.843947136e-15 20.2598043
 39.5 4.41273534 3.025524976 0.007242867039 -3.759446719e-16 7.843947136e-15 20.2598043
 39.6 4.465291253 3.025591213 0.006005892002 -3.07797463e-16 6.422080718e-15 20.2598043
 39.6 4.465291253 3.025591213 0.006005892002 -3.07797463e-16 6.422080718e-15 20.2598043
 39.7 4.517853172 3.025645118 0.004776222114 -2.520032477e-16 5.257954961e-15 20.2598043
 39.7 4.517853172 3.025645118 0.004776222114 -2.520032477e-16 5.257954961e-15 20.2598043
 39.8 4.570419868 3.025686762 0.003553855667 -2.063228079e-16 4.304849407e-15 20.2598043
 39.8 4.570419868 3.025686762 0.003553855667 -2.063228079e-16 4.304849407e-15 20.2598043
 39.9 4.622990118 3.025716219 0.002338790094 -1.689228271e-16 3.524512582e-15 20.2598043
 39.9 4.622990118 3.025716219 0.002338790094 -1.689228271e-16 3.524512582e-15 20.2598043
 40 4.675562708 3.025733562 0.001131022006 -1.383023129e-16 2.885626828e-15 20.2598043
