0.000000000 30.0000000000 980.0000000000 0.0000000000 124.6666666667 0.0000000000 0.0000000000 30.4347826087
0.100000000 48.3619257076 1004.4921770519 0.0536604759 124.6985374455 0.0003156715 0.0007163959 30.4347668729
0.414638933 94.3008683238 1063.0245200905 0.1888170265 125.1244582708 0.0042204303 0.0114814018 30.4346752810
0.749742173 125.5539453327 1094.1127640916 0.2824829978 125.9425648044 0.0103456763 0.0340063587 30.4345260559
1.162322851 143.3778563883 1095.4059425462 0.3357795527 127.1908905434 0.0171794635 0.0703657370 30.4343013573
1.704095075 141.3748278296 1061.3879369827 0.3204056400 128.8511066590 0.0228134512 0.1197799944 30.4339886130
2.245867298 122.3747506054 1019.6273624748 0.2409292963 130.2237886433 0.0253294510 0.1599025440 30.4337008516
2.787639521 97.4312988483 989.1653338435 0.1389110217 131.1544955215 0.0260081500 0.1857673680 30.4334624293
3.385878701 72.0691855139 971.4334591219 0.0394468617 131.6696819296 0.0253152957 0.1984937494 30.4332607182
4.030204029 52.6786824319 964.8156499586 -0.0290316392 131.7694369317 0.0233055557 0.1987364944 30.4331019671
4.589322561 43.2043647791 964.8604093791 -0.0544350454 131.6354227137 0.0210530817 0.1928026244 30.4329959315
5.148441094 39.2710671091 967.8213729566 -0.0560145738 131.4226208124 0.0189391732 0.1851406252 30.4329045727
5.729126989 39.1320200085 972.2941241082 -0.0431691913 131.2026775735 0.0173392764 0.1780422586 30.4328141073
6.360026489 41.4159445977 977.0714565486 -0.0237525172 131.0160670522 0.0164529360 0.1728750489 30.4327128041
7.096880713 45.0450520664 980.9040940904 -0.0043780799 130.8864810932 0.0163202598 0.1704376023 30.4325854138
7.711358776 47.7303143357 982.2627530449 0.0053103570 130.8417609107 0.0166158409 0.1705886485 30.4324712654
8.378870019 49.7700303591 982.2617180976 0.0092097659 130.8377748684 0.0170426778 0.1718676051 30.4323408762
9.046381263 50.8317955409 981.4624208666 0.0083315122 130.8589536109 0.0173919490 0.1733585422 30.4322063675
9.713892506 51.1077165804 980.5156818399 0.0052706613 130.8880879982 0.0175918846 0.1744907311 30.4320701324
10.446589324 50.8524632243 979.7414470394 0.0017728230 130.9164240005 0.0176528832 0.1751147650 30.4319206231
11.386913754 50.2229229205 979.3352636648 -0.0009465036 130.9380404343 0.0175901491 0.1751638897 30.4317305118
12.151228781 49.7790415163 979.3629881238 -0.0015234012 130.9434498918 0.0175099195 0.1749127138 30.4315776854
12.945972937 49.5125089340 979.5296880902 -0.0011768824 130.9415190203 0.0174493544 0.1746391157 30.4314199190
13.784974425 49.4386152701 979.6977095728 -0.0004994804 130.9360899737 0.0174237341 0.1744659784 30.4312539290
14.786783265 49.5149031503 979.7925366837 0.0000825424 130.9302497088 0.0174290154 0.1744232612 30.4310556990
15.656142274 49.6163892796 979.7915751035 0.0002458178 130.9277166873 0.0174439436 0.1744634448 30.4308833348
16.761373951 49.6994103866 979.7458876815 0.0001682768 130.9275286084 0.0174573274 0.1745238142 30.4306637739
17.866605628 49.7142695730 979.7073929658 0.0000303160 130.9287755412 0.0174601607 0.1745498944 30.4304440030
19.310309476 49.6866191495 979.6910036988 -0.0000398687 130.9299564795 0.0174566424 0.1745440433 30.4301569848
20.882574776 49.6662080719 979.6898453538 -0.0000169557 130.9299854718 0.0174541363 0.1745318845 30.4298445816
22.454840076 49.6677160912 979.6835321796 0.0000047715 130.9296553770 0.0174543827 0.1745304237 30.4295322296
24.856593952 49.6732751974 979.6665024789 0.0000016611 130.9295817700 0.0174549691 0.1745330075 30.4290550328
27.258347827 49.6722825121 979.6508524548 -0.0000003441 130.9296120835 0.0174549148 0.1745330289 30.4285778247
30.560072440 49.6719020786 979.6297736304 -0.0000001144 130.9295832758 0.0174549169 0.1745330101 30.4279218136
34.436203525 49.6716068935 979.6049798599 0.0000001737 130.9295490092 0.0174549486 0.1745331000 30.4271516816
38.589871824 49.6709856937 979.5786827976 0.0000025466 130.9294994162 0.0174550583 0.1745332738 30.4263264168
40.380052034 49.6710954248 979.5666725842 -0.0000011830 130.9295112937 0.0174549644 0.1745333039 30.4259707350
43.172592914 49.6702217940 979.5491186272 -0.0000001292 130.9294968191 0.0174549042 0.1745329617 30.4254159076
46.232304273 49.6698764327 979.5295711804 -0.0000000253 130.9294763852 0.0174549013 0.1745329399 30.4248080030
50.995375972 49.6687099629 979.4990701256 0.0000000230 130.9294528474 0.0174549317 0.1745330584 30.4238616816
54.135160017 49.6685855781 979.4790450052 0.0000001662 130.9294336097 0.0174549106 0.1745329614 30.4232378791
58.839326251 49.6647070061 979.4493705932 0.0000026375 130.9295595243 0.0174549522 0.1745329371 30.4223032605
60.000000000 49.6655153613 979.4414101587 0.0000000485 130.9294086892 0.0174549883 0.1745332856 30.4220726821
