0.000000000 30.0000000000 980.0000000000 0.0000000000 124.6666666667 0.0000000000 0.0000000000 30.4347826087
0.100000000 48.3619255564 1004.4921769294 0.0536604757 124.6985374520 0.0003156715 0.0007163959 30.4347668729
0.503127809 104.2095563926 1074.2738737288 0.2183139676 125.3125316044 0.0057688478 0.0165062543 30.4346401120
0.947542721 136.6327794168 1099.0287374011 0.3159954868 126.5232880987 0.0138558074 0.0507308346 30.4344220045
1.586561678 143.6804556820 1070.4830061695 0.3305583306 128.5065788056 0.0219065493 0.1095422727 30.4340556536
2.271216140 121.2643127174 1017.8967158686 0.2363247776 130.2776970797 0.0253920629 0.1614455534 30.4336885005
2.995335040 88.0300841509 981.3432780174 0.1013181858 131.3898889915 0.0259189245 0.1918958427 30.4333854267
3.785934283 58.9243391670 966.2552120842 -0.0082950656 131.7740106719 0.0241834311 0.1998595723 30.4331563992
4.496727953 44.3456065100 964.6097349076 -0.0521226532 131.6656920100 0.0214321351 0.1939862338 30.4330121636
5.207521623 39.1086452221 968.2385714698 -0.0551872911 131.3990558757 0.0187449854 0.1843420335 30.4328953326
5.918315293 39.6419424629 973.8039817291 -0.0374882387 131.1396390612 0.0169834436 0.1761799745 30.4327843267
6.702887034 43.0910699963 979.1490894191 -0.0138446728 130.9441657500 0.0162967191 0.1713027188 30.4326548734
7.636650954 47.4411326201 982.1766613496 0.0044674093 130.8447653887 0.0165707615 0.1705007122 30.4324854801
8.302102060 49.5864031632 982.3154969355 0.0090492589 130.8366233030 0.0169951081 0.1716964108 30.4323561257
9.095067082 50.8741503666 981.3915010030 0.0081469271 130.8610152910 0.0174116789 0.1734583865 30.4321964606
9.888032105 51.0852349078 980.2972259718 0.0043806611 130.8955153039 0.0176193725 0.1746976669 30.4320345383
10.789744126 50.6337156151 979.5206706899 0.0005001287 130.9264102010 0.0176413925 0.1752079861 30.4318509705
11.952390340 49.8786589802 979.3369084097 -0.0014842217 130.9428887079 0.0175297425 0.1749856688 30.4316173205
12.921027204 49.5178980746 979.5243755516 -0.0011927887 130.9416367429 0.0174507321 0.1746460730 30.4314248641
13.933195688 49.4423746212 979.7197245494 -0.0003871969 130.9350813191 0.0174227578 0.1744499666 30.4312246201
15.113744456 49.5541894072 979.7987480690 0.0001777504 130.9289966842 0.0174345391 0.1744343811 30.4309909180
16.100043595 49.6585623334 979.7751358668 0.0002370342 130.9273288753 0.0174506499 0.1744904464 30.4307951983
17.486189024 49.7151344329 979.7179095774 0.0000720107 130.9283178091 0.0174601071 0.1745451187 30.4305196541
18.938083386 49.6945533848 979.6925984956 -0.0000345415 130.9297766416 0.0174576542 0.1745473472 30.4302309709
20.568899757 49.6679531328 979.6903181381 -0.0000231116 130.9300404123 0.0174543292 0.1745333029 30.4299069013
22.489836954 49.6680322263 979.6832682688 0.0000049881 130.9296454640 0.0174544286 0.1745305762 30.4295252796
24.865608197 49.6735937239 979.6662799253 0.0000011762 130.9295801233 0.0174550098 0.1745332163 30.4290532442
27.561052297 49.6719726489 979.6489764139 -0.0000002688 130.9296138259 0.0174548898 0.1745329255 30.4285176825
32.219900465 49.6724108915 979.6188108848 -0.0000017006 130.9295924105 0.0174549329 0.1745332465 30.4275920276
34.839199891 49.6709411073 979.6025148290 0.0000001488 130.9295570382 0.0174548837 0.1745328549 30.4270716130
38.389217144 49.6707053615 979.5797454796 -0.0000001202 130.9295373686 0.0174548870 0.1745328976 30.4263662804
43.599563951 49.6711994575 979.5459290592 -0.0000027248 130.9295451338 0.0174548652 0.1745331002 30.4253310721
45.529115990 49.6690331233 979.5342562269 0.0000003677 130.9295037705 0.0174548401 0.1745326730 30.4249477116
49.078236429 49.6696120176 979.5113203986 -0.0000005617 130.9294789667 0.0174548643 0.1745328606 30.4242425753
53.278531739 49.6712685569 979.4839890757 -0.0000023798 130.9294222799 0.0174549194 0.1745332448 30.4234080747
55.885493411 49.6683612080 979.4679219089 0.0000002742 130.9294184295 0.0174548802 0.1745328312 30.4228901330
59.264162767 49.6684042761 979.4462231102 -0.0000000859 130.9293940842 0.0174548876 0.1745328952 30.4222188779
60.000000000 49.6682165137 979.4415370965 0.0000000306 130.9293873255 0.0174548898 0.1745328914 30.4220726867
