 0 1.93 1.06
 0.01 1.931048677 1.049645772
 0.01 1.931048677 1.049645772
 0.02 1.931731401 1.039648845
 0.02 1.931731401 1.039648845
 0.03 1.932055353 1.030005664
 0.03 1.932055353 1.030005664
 0.04 1.9320281 1.02071221
 0.04 1.9320281 1.02071221
 0.05 1.931657553 1.011764046
 0.05 1.931657553 1.011764046
 0.06 1.930951928 1.003156347
 0.06 1.930951928 1.003156347
 0.07 1.929919702 0.9948839468
 0.07 1.929919702 0.9948839468
 0.08 1.928569573 0.9869413685
 0.08 1.928569573 0.9869413685
 0.09 1.926910423 0.9793228649
 0.09 1.926910423 0.9793228649
 0.1 1.924951281 0.9720224522
 0.1 1.924951281 0.9720224522
 0.11 1.922701289 0.9650339426
 0.11 1.922701289 0.9650339426
 0.12 1.920169669 0.9583509773
 0.12 1.920169669 0.9583509773
 0.13 1.91736569 0.951967056
 0.13 1.91736569 0.951967056
 0.14 1.914298644 0.9458755656
 0.14 1.914298644 0.9458755656
 0.15 1.910977812 0.9400698069
 0.15 1.910977812 0.9400698069
 0.16 1.907412448 0.9345430197
 0.16 1.907412448 0.9345430197
 0.17 1.903611749 0.9292884061
 0.17 1.903611749 0.9292884061
 0.18 1.899584835 0.9242991516
 0.18 1.899584835 0.9242991516
 0.19 1.895340737 0.9195684453
 0.19 1.895340737 0.9195684453
 0.2 1.890888369 0.9150894977
 0.2 1.890888369 0.9150894977
 0.21 1.886236522 0.9108555574
 0.21 1.886236522 0.9108555574
 0.22 1.881393847 0.9068599256
 0.22 1.881393847 0.9068599256
 0.23 1.87636884 0.90309597
 0.23 1.87636884 0.90309597
 0.24 1.871169839 0.8995571364
 0.24 1.871169839 0.8995571364
 0.25 1.865805007 0.8962369594
 0.25 1.865805007 0.8962369594
 0.26 1.86028233 0.8931290716
 0.26 1.86028233 0.8931290716
 0.27 1.854609608 0.890227212
 0.27 1.854609608 0.890227212
 0.28 1.848794451 0.8875252328
 0.28 1.848794451 0.8875252328
 0.29 1.842844276 0.8850171051
 0.29 1.842844276 0.8850171051
 0.3 1.8367663 0.8826969242
 0.3 1.8367663 0.8826969242
 0.31 1.830567544 0.8805589137
 0.31 1.830567544 0.8805589137
 0.32 1.824254825 0.8785974282
 0.32 1.824254825 0.8785974282
 0.33 1.817834762 0.8768069566
 0.33 1.817834762 0.8768069566
 0.34 1.811313772 0.8751821229
 0.34 1.811313772 0.8751821229
 0.35 1.804698071 0.8737176882
 0.35 1.804698071 0.8737176882
 0.36 1.797993678 0.8724085508
 0.36 1.797993678 0.8724085508
 0.37 1.791206415 0.8712497463
 0.37 1.791206415 0.8712497463
 0.38 1.784341911 0.8702364473
 0.38 1.784341911 0.8702364473
 0.39 1.7774056 0.8693639627
 0.39 1.7774056 0.8693639627
 0.4 1.770402731 0.8686277363
 0.4 1.770402731 0.8686277363
 0.41 1.763338368 0.8680233455
 0.41 1.763338368 0.8680233455
 0.42 1.75621739 0.8675464993
 0.42 1.75621739 0.8675464993
 0.43 1.749044502 0.8671930365
 0.43 1.749044502 0.8671930365
 0.44 1.741824233 0.8669589236
 0.44 1.741824233 0.8669589236
 0.45 1.734560945 0.866840252
 0.45 1.734560945 0.866840252
 0.46 1.727258832 0.8668332358
 0.46 1.727258832 0.8668332358
 0.47 1.719921927 0.8669342092
 0.47 1.719921927 0.8669342092
 0.48 1.712554109 0.8671396232
 0.48 1.712554109 0.8671396232
 0.49 1.705159101 0.8674460436
 0.49 1.705159101 0.8674460436
 0.5 1.697740481 0.8678501474
 0.5 1.697740481 0.8678501474
 0.51 1.690301682 0.8683487201
 0.51 1.690301682 0.8683487201
 0.52 1.682845998 0.8689386528
 0.52 1.682845998 0.8689386528
 0.53 1.675376589 0.8696169394
 0.53 1.675376589 0.8696169394
 0.54 1.667896482 0.8703806733
 0.54 1.667896482 0.8703806733
 0.55 1.66040858 0.8712270444
 0.55 1.66040858 0.8712270444
 0.56 1.652915663 0.8721533367
 0.56 1.652915663 0.8721533367
 0.57 1.645420394 0.8731569248
 0.57 1.645420394 0.8731569248
 0.58 1.63792532 0.8742352715
 0.58 1.63792532 0.8742352715
 0.59 1.630432879 0.8753859245
 0.59 1.630432879 0.8753859245
 0.6 1.622945403 0.8766065142
 0.6 1.622945403 0.8766065142
 0.61 1.615465121 0.8778947505
 0.61 1.615465121 0.8778947505
 0.62 1.607994164 0.8792484203
 0.62 1.607994164 0.8792484203
 0.63 1.600534566 0.880665385
 0.63 1.600534566 0.880665385
 0.64 1.59308827 0.8821435778
 0.64 1.59308827 0.8821435778
 0.65 1.585657133 0.8836810014
 0.65 1.585657133 0.8836810014
 0.66 1.578242924 0.8852757254
 0.66 1.578242924 0.8852757254
 0.67 1.57084733 0.8869258841
 0.67 1.57084733 0.8869258841
 0.68 1.563471961 0.888629674
 0.68 1.563471961 0.888629674
 0.69 1.55611835 0.8903853519
 0.69 1.55611835 0.8903853519
 0.7 1.548787958 0.8921912327
 0.7 1.548787958 0.8921912327
 0.71 1.541482174 0.8940456869
 0.71 1.541482174 0.8940456869
 0.72 1.534202322 0.8959471392
 0.72 1.534202322 0.8959471392
 0.73 1.526949658 0.897894066
 0.73 1.526949658 0.897894066
 0.74 1.519725379 0.8998849942
 0.74 1.519725379 0.8998849942
 0.75 1.51253062 0.9019184984
 0.75 1.51253062 0.9019184984
 0.76 1.505366458 0.9039932002
 0.76 1.505366458 0.9039932002
 0.77 1.498233918 0.9061077656
 0.77 1.498233918 0.9061077656
 0.78 1.491133967 0.9082609042
 0.78 1.491133967 0.9082609042
 0.79 1.484067526 0.9104513667
 0.79 1.484067526 0.9104513667
 0.8 1.477035462 0.9126779443
 0.8 1.477035462 0.9126779443
 0.81 1.470038599 0.9149394665
 0.81 1.470038599 0.9149394665
 0.82 1.463077714 0.9172348001
 0.82 1.463077714 0.9172348001
 0.83 1.456153541 0.9195628478
 0.83 1.456153541 0.9195628478
 0.84 1.449266772 0.9219225466
 0.84 1.449266772 0.9219225466
 0.85 1.44241806 0.924312867
 0.85 1.44241806 0.924312867
 0.86 1.435608018 0.9267328113
 0.86 1.435608018 0.9267328113
 0.87 1.428837223 0.9291814128
 0.87 1.428837223 0.9291814128
 0.88 1.422106217 0.9316577346
 0.88 1.422106217 0.9316577346
 0.89 1.415415509 0.9341608683
 0.89 1.415415509 0.9341608683
 0.9 1.408765573 0.9366899333
 0.9 1.408765573 0.9366899333
 0.91 1.402156853 0.9392440754
 0.91 1.402156853 0.9392440754
 0.92 1.395589764 0.9418224663
 0.92 1.395589764 0.9418224663
 0.93 1.389064691 0.9444243023
 0.93 1.389064691 0.9444243023
 0.94 1.382581991 0.9470488037
 0.94 1.382581991 0.9470488037
 0.95 1.376141997 0.9496952134
 0.95 1.376141997 0.9496952134
 0.96 1.369745015 0.9523627971
 0.96 1.369745015 0.9523627971
 0.97 1.363391325 0.9550508413
 0.97 1.363391325 0.9550508413
 0.98 1.357081187 0.9577586534
 0.98 1.357081187 0.9577586534
 0.99 1.350814836 0.9604855608
 0.99 1.350814836 0.9604855608
 1 1.344592487 0.9632309099
 1 1.344592487 0.9632309099
 1.01 1.338414334 0.9659940657
 1.01 1.338414334 0.9659940657
 1.02 1.332280551 0.9687744111
 1.02 1.332280551 0.9687744111
 1.03 1.326191294 0.9715713463
 1.03 1.326191294 0.9715713463
 1.04 1.320146699 0.9743842882
 1.04 1.320146699 0.9743842882
 1.05 1.314146887 0.9772126695
 1.05 1.314146887 0.9772126695
 1.06 1.308191961 0.9800559389
 1.06 1.308191961 0.9800559389
 1.07 1.302282008 0.9829135597
 1.07 1.302282008 0.9829135597
 1.08 1.2964171 0.9857850099
 1.08 1.2964171 0.9857850099
 1.09 1.290597294 0.9886697816
 1.09 1.290597294 0.9886697816
 1.1 1.284822633 0.9915673802
 1.1 1.284822633 0.9915673802
 1.11 1.279093147 0.9944773245
 1.11 1.279093147 0.9944773245
 1.12 1.273408854 0.9973991456
 1.12 1.273408854 0.9973991456
 1.13 1.267769757 1.000332387
 1.13 1.267769757 1.000332387
 1.14 1.262175849 1.003276604
 1.14 1.262175849 1.003276604
 1.15 1.256627112 1.006231364
 1.15 1.256627112 1.006231364
 1.16 1.251123517 1.009196244
 1.16 1.251123517 1.009196244
 1.17 1.245665022 1.012170834
 1.17 1.245665022 1.012170834
 1.18 1.240251579 1.015154731
 1.18 1.240251579 1.015154731
 1.19 1.234883129 1.018147545
 1.19 1.234883129 1.018147545
 1.2 1.229559603 1.021148896
 1.2 1.229559603 1.021148896
 1.21 1.224280923 1.02415841
 1.21 1.224280923 1.02415841
 1.22 1.219047005 1.027175725
 1.22 1.219047005 1.027175725
 1.23 1.213857756 1.030200488
 1.23 1.213857756 1.030200488
 1.24 1.208713074 1.033232352
 1.24 1.208713074 1.033232352
 1.25 1.203612852 1.036270982
 1.25 1.203612852 1.036270982
 1.26 1.198556974 1.039316048
 1.26 1.198556974 1.039316048
 1.27 1.193545319 1.042367229
 1.27 1.193545319 1.042367229
 1.28 1.188577758 1.04542421
 1.28 1.188577758 1.04542421
 1.29 1.183654158 1.048486687
 1.29 1.183654158 1.048486687
 1.3 1.178774379 1.05155436
 1.3 1.178774379 1.05155436
 1.31 1.173938276 1.054626937
 1.31 1.173938276 1.054626937
 1.32 1.169145697 1.057704131
 1.32 1.169145697 1.057704131
 1.33 1.164396489 1.060785665
 1.33 1.164396489 1.060785665
 1.34 1.15969049 1.063871265
 1.34 1.15969049 1.063871265
 1.35 1.155027536 1.066960665
 1.35 1.155027536 1.066960665
 1.36 1.150407457 1.070053604
 1.36 1.150407457 1.070053604
 1.37 1.145830082 1.073149827
 1.37 1.145830082 1.073149827
 1.38 1.141295232 1.076249086
 1.38 1.141295232 1.076249086
 1.39 1.136802728 1.079351135
 1.39 1.136802728 1.079351135
 1.4 1.132352385 1.082455738
 1.4 1.132352385 1.082455738
 1.41 1.127944015 1.085562661
 1.41 1.127944015 1.085562661
 1.42 1.123577429 1.088671674
 1.42 1.123577429 1.088671674
 1.43 1.119252433 1.091782556
 1.43 1.119252433 1.091782556
 1.44 1.11496883 1.094895087
 1.44 1.11496883 1.094895087
 1.45 1.110726421 1.098009053
 1.45 1.110726421 1.098009053
 1.46 1.106525006 1.101124246
 1.46 1.106525006 1.101124246
 1.47 1.10236438 1.104240459
 1.47 1.10236438 1.104240459
 1.48 1.098244338 1.107357491
 1.48 1.098244338 1.107357491
 1.49 1.094164671 1.110475147
 1.49 1.094164671 1.110475147
 1.5 1.090125169 1.113593232
 1.5 1.090125169 1.113593232
 1.51 1.086125621 1.116711559
 1.51 1.086125621 1.116711559
 1.52 1.082165814 1.119829943
 1.52 1.082165814 1.119829943
 1.53 1.078245531 1.122948201
 1.53 1.078245531 1.122948201
 1.54 1.074364558 1.126066157
 1.54 1.074364558 1.126066157
 1.55 1.070522675 1.129183636
 1.55 1.070522675 1.129183636
 1.56 1.066719664 1.132300467
 1.56 1.066719664 1.132300467
 1.57 1.062955305 1.135416484
 1.57 1.062955305 1.135416484
 1.58 1.059229376 1.138531522
 1.58 1.059229376 1.138531522
 1.59 1.055541655 1.141645419
 1.59 1.055541655 1.141645419
 1.6 1.051891919 1.144758019
 1.6 1.051891919 1.144758019
 1.61 1.048279944 1.147869166
 1.61 1.048279944 1.147869166
 1.62 1.044705505 1.150978709
 1.62 1.044705505 1.150978709
 1.63 1.041168377 1.154086498
 1.63 1.041168377 1.154086498
 1.64 1.037668335 1.157192388
 1.64 1.037668335 1.157192388
 1.65 1.034205152 1.160296234
 1.65 1.034205152 1.160296234
 1.66 1.030778602 1.163397896
 1.66 1.030778602 1.163397896
 1.67 1.027388457 1.166497235
 1.67 1.027388457 1.166497235
 1.68 1.024034491 1.169594117
 1.68 1.024034491 1.169594117
 1.69 1.020716475 1.172688407
 1.69 1.020716475 1.172688407
 1.7 1.017434184 1.175779975
 1.7 1.017434184 1.175779975
 1.71 1.014187388 1.178868693
 1.71 1.014187388 1.178868693
 1.72 1.010975861 1.181954433
 1.72 1.010975861 1.181954433
 1.73 1.007799374 1.185037073
 1.73 1.007799374 1.185037073
 1.74 1.004657701 1.188116489
 1.74 1.004657701 1.188116489
 1.75 1.001550614 1.191192563
 1.75 1.001550614 1.191192563
 1.76 0.9984778867 1.194265177
 1.76 0.9984778867 1.194265177
 1.77 0.9954392911 1.197334215
 1.77 0.9954392911 1.197334215
 1.78 0.9924346013 1.200399563
 1.78 0.9924346013 1.200399563
 1.79 0.989463591 1.203461111
 1.79 0.989463591 1.203461111
 1.8 0.9865260345 1.206518747
 1.8 0.9865260345 1.206518747
 1.81 0.9836217064 1.209572364
 1.81 0.9836217064 1.209572364
 1.82 0.9807503817 1.212621856
 1.82 0.9807503817 1.212621856
 1.83 0.977911836 1.215667117
 1.83 0.977911836 1.215667117
 1.84 0.9751058457 1.218708046
 1.84 0.9751058457 1.218708046
 1.85 0.9723321872 1.221744541
 1.85 0.9723321872 1.221744541
 1.86 0.9695906381 1.224776503
 1.86 0.9695906381 1.224776503
 1.87 0.9668809764 1.227803833
 1.87 0.9668809764 1.227803833
 1.88 0.9642029806 1.230826436
 1.88 0.9642029806 1.230826436
 1.89 0.9615564302 1.233844215
 1.89 0.9615564302 1.233844215
 1.9 0.9589411053 1.236857078
 1.9 0.9589411053 1.236857078
 1.91 0.9563567869 1.239864933
 1.91 0.9563567869 1.239864933
 1.92 0.9538032566 1.242867688
 1.92 0.9538032566 1.242867688
 1.93 0.951280297 1.245865256
 1.93 0.951280297 1.245865256
 1.94 0.9487876913 1.248857547
 1.94 0.9487876913 1.248857547
 1.95 0.946325224 1.251844474
 1.95 0.946325224 1.251844474
 1.96 0.9438926801 1.254825954
 1.96 0.9438926801 1.254825954
 1.97 0.9414898457 1.2578019
 1.97 0.9414898457 1.2578019
 1.98 0.9391165078 1.260772231
 1.98 0.9391165078 1.260772231
 1.99 0.9367724544 1.263736864
 1.99 0.9367724544 1.263736864
 2 0.9344574743 1.266695718
 2 0.9344574743 1.266695718
 2.01 0.9321713577 1.269648715
 2.01 0.9321713577 1.269648715
 2.02 0.9299138954 1.272595774
 2.02 0.9299138954 1.272595774
 2.03 0.9276848794 1.27553682
 2.03 0.9276848794 1.27553682
 2.04 0.9254841029 1.278471775
 2.04 0.9254841029 1.278471775
 2.05 0.9233113598 1.281400564
 2.05 0.9233113598 1.281400564
 2.06 0.9211664455 1.284323113
 2.06 0.9211664455 1.284323113
 2.07 0.9190491563 1.287239347
 2.07 0.9190491563 1.287239347
 2.08 0.9169592894 1.290149194
 2.08 0.9169592894 1.290149194
 2.09 0.9148966436 1.293052583
 2.09 0.9148966436 1.293052583
 2.1 0.9128610185 1.295949442
 2.1 0.9128610185 1.295949442
 2.11 0.9108522149 1.298839702
 2.11 0.9108522149 1.298839702
 2.12 0.9088700348 1.301723293
 2.12 0.9088700348 1.301723293
 2.13 0.9069142813 1.304600147
 2.13 0.9069142813 1.304600147
 2.14 0.9049847589 1.307470196
 2.14 0.9049847589 1.307470196
 2.15 0.9030812729 1.310333373
 2.15 0.9030812729 1.310333373
 2.16 0.9012036303 1.313189613
 2.16 0.9012036303 1.313189613
 2.17 0.8993516388 1.316038849
 2.17 0.8993516388 1.316038849
 2.18 0.8975251077 1.318881018
 2.18 0.8975251077 1.318881018
 2.19 0.8957238473 1.321716054
 2.19 0.8957238473 1.321716054
 2.2 0.8939476692 1.324543896
 2.2 0.8939476692 1.324543896
 2.21 0.8921963863 1.327364479
 2.21 0.8921963863 1.327364479
 2.22 0.8904698127 1.330177742
 2.22 0.8904698127 1.330177742
 2.23 0.8887677637 1.332983623
 2.23 0.8887677637 1.332983623
 2.24 0.8870900558 1.335782062
 2.24 0.8870900558 1.335782062
 2.25 0.885436507 1.338572998
 2.25 0.885436507 1.338572998
 2.26 0.8838069363 1.341356372
 2.26 0.8838069363 1.341356372
 2.27 0.8822011641 1.344132123
 2.27 0.8822011641 1.344132123
 2.28 0.8806190121 1.346900194
 2.28 0.8806190121 1.346900194
 2.29 0.8790603032 1.349660526
 2.29 0.8790603032 1.349660526
 2.3 0.8775248615 1.352413061
 2.3 0.8775248615 1.352413061
 2.31 0.8760125125 1.355157742
 2.31 0.8760125125 1.355157742
 2.32 0.874523083 1.357894513
 2.32 0.874523083 1.357894513
 2.33 0.873056401 1.360623316
 2.33 0.873056401 1.360623316
 2.34 0.8716122959 1.363344097
 2.34 0.8716122959 1.363344097
 2.35 0.8701905982 1.366056799
 2.35 0.8701905982 1.366056799
 2.36 0.8687911398 1.368761367
 2.36 0.8687911398 1.368761367
 2.37 0.8674137539 1.371457747
 2.37 0.8674137539 1.371457747
 2.38 0.8660582749 1.374145884
 2.38 0.8660582749 1.374145884
 2.39 0.8647245386 1.376825724
 2.39 0.8647245386 1.376825724
 2.4 0.863412382 1.379497214
 2.4 0.863412382 1.379497214
 2.41 0.8621216434 1.3821603
 2.41 0.8621216434 1.3821603
 2.42 0.8608521625 1.384814929
 2.42 0.8608521625 1.384814929
 2.43 0.85960378 1.38746105
 2.43 0.85960378 1.38746105
 2.44 0.8583763382 1.390098608
 2.44 0.8583763382 1.390098608
 2.45 0.8571696805 1.392727553
 2.45 0.8571696805 1.392727553
 2.46 0.8559836517 1.395347833
 2.46 0.8559836517 1.395347833
 2.47 0.8548180976 1.397959395
 2.47 0.8548180976 1.397959395
 2.48 0.8536728655 1.400562189
 2.48 0.8536728655 1.400562189
 2.49 0.8525478041 1.403156164
 2.49 0.8525478041 1.403156164
 2.5 0.8514427631 1.405741269
 2.5 0.8514427631 1.405741269
 2.51 0.8503575935 1.408317453
 2.51 0.8503575935 1.408317453
 2.52 0.8492921478 1.410884666
 2.52 0.8492921478 1.410884666
 2.53 0.8482462794 1.413442859
 2.53 0.8482462794 1.413442859
 2.54 0.8472198432 1.41599198
 2.54 0.8472198432 1.41599198
 2.55 0.8462126954 1.418531982
 2.55 0.8462126954 1.418531982
 2.56 0.8452246932 1.421062813
 2.56 0.8452246932 1.421062813
 2.57 0.8442556952 1.423584425
 2.57 0.8442556952 1.423584425
 2.58 0.8433055612 1.426096768
 2.58 0.8433055612 1.426096768
 2.59 0.8423741523 1.428599794
 2.59 0.8423741523 1.428599794
 2.6 0.8414613308 1.431093453
 2.6 0.8414613308 1.431093453
 2.61 0.8405669601 1.433577698
 2.61 0.8405669601 1.433577698
 2.62 0.839690905 1.436052479
 2.62 0.839690905 1.436052479
 2.63 0.8388330315 1.438517748
 2.63 0.8388330315 1.438517748
 2.64 0.8379932065 1.440973457
 2.64 0.8379932065 1.440973457
 2.65 0.8371712986 1.443419557
 2.65 0.8371712986 1.443419557
 2.66 0.8363671772 1.445856001
 2.66 0.8363671772 1.445856001
 2.67 0.8355807131 1.44828274
 2.67 0.8355807131 1.44828274
 2.68 0.8348117781 1.450699727
 2.68 0.8348117781 1.450699727
 2.69 0.8340602454 1.453106914
 2.69 0.8340602454 1.453106914
 2.7 0.8333259893 1.455504253
 2.7 0.8333259893 1.455504253
 2.71 0.8326088852 1.457891697
 2.71 0.8326088852 1.457891697
 2.72 0.8319088097 1.460269199
 2.72 0.8319088097 1.460269199
 2.73 0.8312256405 1.46263671
 2.73 0.8312256405 1.46263671
 2.74 0.8305592565 1.464994183
 2.74 0.8305592565 1.464994183
 2.75 0.8299095379 1.467341571
 2.75 0.8299095379 1.467341571
 2.76 0.8292763657 1.469678828
 2.76 0.8292763657 1.469678828
 2.77 0.8286596223 1.472005905
 2.77 0.8286596223 1.472005905
 2.78 0.8280591911 1.474322756
 2.78 0.8280591911 1.474322756
 2.79 0.8274749567 1.476629333
 2.79 0.8274749567 1.476629333
 2.8 0.8269068046 1.478925589
 2.8 0.8269068046 1.478925589
 2.81 0.8263546217 1.481211478
 2.81 0.8263546217 1.481211478
 2.82 0.8258182958 1.483486953
 2.82 0.8258182958 1.483486953
 2.83 0.8252977158 1.485751966
 2.83 0.8252977158 1.485751966
 2.84 0.8247927718 1.488006471
 2.84 0.8247927718 1.488006471
 2.85 0.8243033547 1.49025042
 2.85 0.8243033547 1.49025042
 2.86 0.8238293567 1.492483767
 2.86 0.8238293567 1.492483767
 2.87 0.8233706711 1.494706465
 2.87 0.8233706711 1.494706465
 2.88 0.8229271921 1.496918468
 2.88 0.8229271921 1.496918468
 2.89 0.8224988149 1.499119727
 2.89 0.8224988149 1.499119727
 2.9 0.8220854358 1.501310198
 2.9 0.8220854358 1.501310198
 2.91 0.8216869522 1.503489832
 2.91 0.8216869522 1.503489832
 2.92 0.8213032624 1.505658583
 2.92 0.8213032624 1.505658583
 2.93 0.8209342659 1.507816404
 2.93 0.8209342659 1.507816404
 2.94 0.8205798628 1.509963248
 2.94 0.8205798628 1.509963248
 2.95 0.8202399547 1.512099069
 2.95 0.8202399547 1.512099069
 2.96 0.8199144437 1.51422382
 2.96 0.8199144437 1.51422382
 2.97 0.8196032333 1.516337454
 2.97 0.8196032333 1.516337454
 2.98 0.8193062276 1.518439924
 2.98 0.8193062276 1.518439924
 2.99 0.819023332 1.520531184
 2.99 0.819023332 1.520531184
 3 0.8187544525 1.522611186
 3 0.8187544525 1.522611186
 3.01 0.8184994963 1.524679884
 3.01 0.8184994963 1.524679884
 3.02 0.8182583715 1.526737231
 3.02 0.8182583715 1.526737231
 3.03 0.818030987 1.52878318
 3.03 0.818030987 1.52878318
 3.04 0.8178172526 1.530817685
 3.04 0.8178172526 1.530817685
 3.05 0.8176170793 1.532840698
 3.05 0.8176170793 1.532840698
 3.06 0.8174303786 1.534852172
 3.06 0.8174303786 1.534852172
 3.07 0.8172570632 1.536852062
 3.07 0.8172570632 1.536852062
 3.08 0.8170970466 1.538840319
 3.08 0.8170970466 1.538840319
 3.09 0.8169502429 1.540816897
 3.09 0.8169502429 1.540816897
 3.1 0.8168165675 1.542781749
 3.1 0.8168165675 1.542781749
 3.11 0.8166959363 1.544734829
 3.11 0.8166959363 1.544734829
 3.12 0.8165882664 1.546676088
 3.12 0.8165882664 1.546676088
 3.13 0.8164934753 1.548605481
 3.13 0.8164934753 1.548605481
 3.14 0.8164114816 1.550522961
 3.14 0.8164114816 1.550522961
 3.15 0.8163422047 1.55242848
 3.15 0.8163422047 1.55242848
 3.16 0.8162855648 1.554321992
 3.16 0.8162855648 1.554321992
 3.17 0.8162414829 1.556203449
 3.17 0.8162414829 1.556203449
 3.18 0.8162098806 1.558072804
 3.18 0.8162098806 1.558072804
 3.19 0.8161906806 1.559930012
 3.19 0.8161906806 1.559930012
 3.2 0.8161838062 1.561775024
 3.2 0.8161838062 1.561775024
 3.21 0.8161891814 1.563607794
 3.21 0.8161891814 1.563607794
 3.22 0.816206731 1.565428275
 3.22 0.816206731 1.565428275
 3.23 0.8162363807 1.56723642
 3.23 0.8162363807 1.56723642
 3.24 0.8162780567 1.569032182
 3.24 0.8162780567 1.569032182
 3.25 0.8163316861 1.570815514
 3.25 0.8163316861 1.570815514
 3.26 0.8163971966 1.572586369
 3.26 0.8163971966 1.572586369
 3.27 0.8164745167 1.5743447
 3.27 0.8164745167 1.5743447
 3.28 0.8165635754 1.57609046
 3.28 0.8165635754 1.57609046
 3.29 0.8166643028 1.577823603
 3.29 0.8166643028 1.577823603
 3.3 0.8167766291 1.579544082
 3.3 0.8167766291 1.579544082
 3.31 0.8169004858 1.581251849
 3.31 0.8169004858 1.581251849
 3.32 0.8170358044 1.582946859
 3.32 0.8170358044 1.582946859
 3.33 0.8171825177 1.584629063
 3.33 0.8171825177 1.584629063
 3.34 0.8173405586 1.586298416
 3.34 0.8173405586 1.586298416
 3.35 0.817509861 1.587954871
 3.35 0.817509861 1.587954871
 3.36 0.8176903591 1.589598381
 3.36 0.8176903591 1.589598381
 3.37 0.8178819881 1.5912289
 3.37 0.8178819881 1.5912289
 3.38 0.8180846834 1.59284638
 3.38 0.8180846834 1.59284638
 3.39 0.8182983813 1.594450776
 3.39 0.8182983813 1.594450776
 3.4 0.8185230185 1.596042041
 3.4 0.8185230185 1.596042041
 3.41 0.8187585324 1.597620129
 3.41 0.8187585324 1.597620129
 3.42 0.8190048607 1.599184992
 3.42 0.8190048607 1.599184992
 3.43 0.819261942 1.600736586
 3.43 0.819261942 1.600736586
 3.44 0.8195297153 1.602274863
 3.44 0.8195297153 1.602274863
 3.45 0.81980812 1.603799778
 3.45 0.81980812 1.603799778
 3.46 0.8200970962 1.605311285
 3.46 0.8200970962 1.605311285
 3.47 0.8203965845 1.606809337
 3.47 0.8203965845 1.606809337
 3.48 0.8207065258 1.608293889
 3.48 0.8207065258 1.608293889
 3.49 0.8210268617 1.609764894
 3.49 0.8210268617 1.609764894
 3.5 0.8213575343 1.611222308
 3.5 0.8213575343 1.611222308
 3.51 0.821698486 1.612666085
 3.51 0.821698486 1.612666085
 3.52 0.8220496598 1.614096179
 3.52 0.8220496598 1.614096179
 3.53 0.8224109991 1.615512545
 3.53 0.8224109991 1.615512545
 3.54 0.8227824477 1.616915137
 3.54 0.8227824477 1.616915137
 3.55 0.8231639499 1.618303912
 3.55 0.8231639499 1.618303912
 3.56 0.8235554504 1.619678822
 3.56 0.8235554504 1.619678822
 3.57 0.8239568944 1.621039825
 3.57 0.8239568944 1.621039825
 3.58 0.8243682273 1.622386875
 3.58 0.8243682273 1.622386875
 3.59 0.824789395 1.623719927
 3.59 0.824789395 1.623719927
 3.6 0.8252203439 1.625038938
 3.6 0.8252203439 1.625038938
 3.61 0.8256610204 1.626343862
 3.61 0.8256610204 1.626343862
 3.62 0.8261113718 1.627634657
 3.62 0.8261113718 1.627634657
 3.63 0.8265713453 1.628911278
 3.63 0.8265713453 1.628911278
 3.64 0.8270408886 1.630173681
 3.64 0.8270408886 1.630173681
 3.65 0.8275199497 1.631421824
 3.65 0.8275199497 1.631421824
 3.66 0.828008477 1.632655662
 3.66 0.828008477 1.632655662
 3.67 0.8285064192 1.633875154
 3.67 0.8285064192 1.633875154
 3.68 0.8290137251 1.635080255
 3.68 0.8290137251 1.635080255
 3.69 0.829530344 1.636270923
 3.69 0.829530344 1.636270923
 3.7 0.8300562254 1.637447117
 3.7 0.8300562254 1.637447117
 3.71 0.8305913191 1.638608793
 3.71 0.8305913191 1.638608793
 3.72 0.8311355751 1.63975591
 3.72 0.8311355751 1.63975591
 3.73 0.8316889436 1.640888427
 3.73 0.8316889436 1.640888427
 3.74 0.8322513752 1.642006301
 3.74 0.8322513752 1.642006301
 3.75 0.8328228206 1.643109492
 3.75 0.8328228206 1.643109492
 3.76 0.8334032306 1.644197959
 3.76 0.8334032306 1.644197959
 3.77 0.8339925565 1.645271662
 3.77 0.8339925565 1.645271662
 3.78 0.8345907496 1.64633056
 3.78 0.8345907496 1.64633056
 3.79 0.8351977613 1.647374613
 3.79 0.8351977613 1.647374613
 3.8 0.8358135433 1.648403781
 3.8 0.8358135433 1.648403781
 3.81 0.8364380474 1.649418026
 3.81 0.8364380474 1.649418026
 3.82 0.8370712257 1.650417309
 3.82 0.8370712257 1.650417309
 3.83 0.8377130301 1.651401591
 3.83 0.8377130301 1.651401591
 3.84 0.8383634129 1.652370833
 3.84 0.8383634129 1.652370833
 3.85 0.8390223265 1.653324997
 3.85 0.8390223265 1.653324997
 3.86 0.8396897233 1.654264047
 3.86 0.8396897233 1.654264047
 3.87 0.8403655558 1.655187946
 3.87 0.8403655558 1.655187946
 3.88 0.8410497766 1.656096655
 3.88 0.8410497766 1.656096655
 3.89 0.8417423383 1.65699014
 3.89 0.8417423383 1.65699014
 3.9 0.8424431938 1.657868363
 3.9 0.8424431938 1.657868363
 3.91 0.8431522958 1.658731291
 3.91 0.8431522958 1.658731291
 3.92 0.843869597 1.659578887
 3.92 0.843869597 1.659578887
 3.93 0.8445950503 1.660411117
 3.93 0.8445950503 1.660411117
 3.94 0.8453286086 1.661227947
 3.94 0.8453286086 1.661227947
 3.95 0.8460702247 1.662029344
 3.95 0.8460702247 1.662029344
 3.96 0.8468198514 1.662815273
 3.96 0.8468198514 1.662815273
 3.97 0.8475774414 1.663585704
 3.97 0.8475774414 1.663585704
 3.98 0.8483429477 1.664340602
 3.98 0.8483429477 1.664340602
 3.99 0.8491163228 1.665079937
 3.99 0.8491163228 1.665079937
 4 0.8498975195 1.665803678
 4 0.8498975195 1.665803678
 4.01 0.8506864903 1.666511793
 4.01 0.8506864903 1.666511793
 4.02 0.8514831877 1.667204254
 4.02 0.8514831877 1.667204254
 4.03 0.8522875642 1.66788103
 4.03 0.8522875642 1.66788103
 4.04 0.8530995721 1.668542093
 4.04 0.8530995721 1.668542093
 4.05 0.8539191636 1.669187414
 4.05 0.8539191636 1.669187414
 4.06 0.8547462907 1.669816966
 4.06 0.8547462907 1.669816966
 4.07 0.8555809053 1.670430721
 4.07 0.8555809053 1.670430721
 4.08 0.8564229593 1.671028654
 4.08 0.8564229593 1.671028654
 4.09 0.8572724043 1.671610739
 4.09 0.8572724043 1.671610739
 4.1 0.8581291916 1.672176949
 4.1 0.8581291916 1.672176949
 4.11 0.8589932726 1.672727262
 4.11 0.8589932726 1.672727262
 4.12 0.8598645983 1.673261653
 4.12 0.8598645983 1.673261653
 4.13 0.8607431195 1.673780099
 4.13 0.8607431195 1.673780099
 4.14 0.8616287869 1.674282578
 4.14 0.8616287869 1.674282578
 4.15 0.8625215508 1.674769069
 4.15 0.8625215508 1.674769069
 4.16 0.8634213614 1.675239549
 4.16 0.8634213614 1.675239549
 4.17 0.8643281686 1.675694
 4.17 0.8643281686 1.675694
 4.18 0.865241922 1.676132402
 4.18 0.865241922 1.676132402
 4.19 0.866162571 1.676554736
 4.19 0.866162571 1.676554736
 4.2 0.8670900645 1.676960985
 4.2 0.8670900645 1.676960985
 4.21 0.8680243513 1.677351132
 4.21 0.8680243513 1.677351132
 4.22 0.8689653798 1.677725161
 4.22 0.8689653798 1.677725161
 4.23 0.8699130982 1.678083055
 4.23 0.8699130982 1.678083055
 4.24 0.8708674542 1.678424802
 4.24 0.8708674542 1.678424802
 4.25 0.8718283951 1.678750387
 4.25 0.8718283951 1.678750387
 4.26 0.8727958681 1.679059799
 4.26 0.8727958681 1.679059799
 4.27 0.8737698197 1.679353024
 4.27 0.8737698197 1.679353024
 4.28 0.8747501964 1.679630052
 4.28 0.8747501964 1.679630052
 4.29 0.8757369439 1.679890874
 4.29 0.8757369439 1.679890874
 4.3 0.8767300077 1.680135481
 4.3 0.8767300077 1.680135481
 4.31 0.8777293329 1.680363864
 4.31 0.8777293329 1.680363864
 4.32 0.8787348641 1.680576017
 4.32 0.8787348641 1.680576017
 4.33 0.8797465454 1.680771934
 4.33 0.8797465454 1.680771934
 4.34 0.8807643207 1.68095161
 4.34 0.8807643207 1.68095161
 4.35 0.881788133 1.68111504
 4.35 0.881788133 1.68111504
 4.36 0.8828179253 1.681262222
 4.36 0.8828179253 1.681262222
 4.37 0.8838536398 1.681393155
 4.37 0.8838536398 1.681393155
 4.38 0.8848952182 1.681507837
 4.38 0.8848952182 1.681507837
 4.39 0.8859426019 1.681606269
 4.39 0.8859426019 1.681606269
 4.4 0.8869957316 1.681688453
 4.4 0.8869957316 1.681688453
 4.41 0.8880545475 1.68175439
 4.41 0.8880545475 1.68175439
 4.42 0.8891189892 1.681804085
 4.42 0.8891189892 1.681804085
 4.43 0.890188996 1.681837543
 4.43 0.890188996 1.681837543
 4.44 0.8912645063 1.68185477
 4.44 0.8912645063 1.68185477
 4.45 0.892345458 1.681855773
 4.45 0.892345458 1.681855773
 4.46 0.8934317887 1.68184056
 4.46 0.8934317887 1.68184056
 4.47 0.894523435 1.681809142
 4.47 0.894523435 1.681809142
 4.48 0.8956203332 1.68176153
 4.48 0.8956203332 1.68176153
 4.49 0.8967224187 1.681697735
 4.49 0.8967224187 1.681697735
 4.5 0.8978296266 1.681617771
 4.5 0.8978296266 1.681617771
 4.51 0.8989418911 1.681521653
 4.51 0.8989418911 1.681521653
 4.52 0.9000591459 1.681409397
 4.52 0.9000591459 1.681409397
 4.53 0.9011813239 1.681281021
 4.53 0.9011813239 1.681281021
 4.54 0.9023083574 1.681136543
 4.54 0.9023083574 1.681136543
 4.55 0.9034401782 1.680975983
 4.55 0.9034401782 1.680975983
 4.56 0.904576717 1.680799364
 4.56 0.904576717 1.680799364
 4.57 0.9057179043 1.680606707
 4.57 0.9057179043 1.680606707
 4.58 0.9068636696 1.680398038
 4.58 0.9068636696 1.680398038
 4.59 0.9080139416 1.680173382
 4.59 0.9080139416 1.680173382
 4.6 0.9091686485 1.679932766
 4.6 0.9091686485 1.679932766
 4.61 0.9103277177 1.679676218
 4.61 0.9103277177 1.679676218
 4.62 0.9114910759 1.679403769
 4.62 0.9114910759 1.679403769
 4.63 0.9126586489 1.679115451
 4.63 0.9126586489 1.679115451
 4.64 0.913830362 1.678811297
 4.64 0.913830362 1.678811297
 4.65 0.9150061394 1.67849134
 4.65 0.9150061394 1.67849134
 4.66 0.9161859048 1.678155618
 4.66 0.9161859048 1.678155618
 4.67 0.9173695811 1.677804167
 4.67 0.9173695811 1.677804167
 4.68 0.9185570903 1.677437028
 4.68 0.9185570903 1.677437028
 4.69 0.9197483537 1.67705424
 4.69 0.9197483537 1.67705424
 4.7 0.9209432918 1.676655847
 4.7 0.9209432918 1.676655847
 4.71 0.9221418242 1.676241892
 4.71 0.9221418242 1.676241892
 4.72 0.9233438699 1.675812421
 4.72 0.9233438699 1.675812421
 4.73 0.9245493468 1.675367481
 4.73 0.9245493468 1.675367481
 4.74 0.9257581723 1.67490712
 4.74 0.9257581723 1.67490712
 4.75 0.9269702627 1.67443139
 4.75 0.9269702627 1.67443139
 4.76 0.9281855336 1.673940343
 4.76 0.9281855336 1.673940343
 4.77 0.9294038998 1.673434032
 4.77 0.9294038998 1.673434032
 4.78 0.9306252753 1.672912513
 4.78 0.9306252753 1.672912513
 4.79 0.931849573 1.672375844
 4.79 0.931849573 1.672375844
 4.8 0.9330767054 1.671824082
 4.8 0.9330767054 1.671824082
 4.81 0.9343065836 1.67125729
 4.81 0.9343065836 1.67125729
 4.82 0.9355391184 1.670675529
 4.82 0.9355391184 1.670675529
 4.83 0.9367742193 1.670078863
 4.83 0.9367742193 1.670078863
 4.84 0.9380117953 1.669467359
 4.84 0.9380117953 1.669467359
 4.85 0.9392517544 1.668841084
 4.85 0.9392517544 1.668841084
 4.86 0.9404940036 1.668200108
 4.86 0.9404940036 1.668200108
 4.87 0.9417384493 1.667544502
 4.87 0.9417384493 1.667544502
 4.88 0.9429849969 1.666874339
 4.88 0.9429849969 1.666874339
 4.89 0.944233551 1.666189694
 4.89 0.944233551 1.666189694
 4.9 0.9454840153 1.665490643
 4.9 0.9454840153 1.665490643
 4.91 0.9467362926 1.664777266
 4.91 0.9467362926 1.664777266
 4.92 0.947990285 1.664049642
 4.92 0.947990285 1.664049642
 4.93 0.9492458936 1.663307854
 4.93 0.9492458936 1.663307854
 4.94 0.9505030188 1.662551985
 4.94 0.9505030188 1.662551985
 4.95 0.95176156 1.661782122
 4.95 0.95176156 1.661782122
 4.96 0.9530214158 1.660998353
 4.96 0.9530214158 1.660998353
 4.97 0.954282484 1.660200766
 4.97 0.954282484 1.660200766
 4.98 0.9555446616 1.659389453
 4.98 0.9555446616 1.659389453
 4.99 0.9568078447 1.658564509
 4.99 0.9568078447 1.658564509
 5 0.9580719286 1.657726026
 5 0.9580719286 1.657726026
 5.01 0.9593368077 1.656874104
 5.01 0.9593368077 1.656874104
 5.02 0.9606023758 1.656008841
 5.02 0.9606023758 1.656008841
 5.03 0.9618685256 1.655130337
 5.03 0.9618685256 1.655130337
 5.04 0.9631351492 1.654238695
 5.04 0.9631351492 1.654238695
 5.05 0.9644021379 1.65333402
 5.05 0.9644021379 1.65333402
 5.06 0.9656693822 1.652416419
 5.06 0.9656693822 1.652416419
 5.07 0.9669367717 1.651485999
 5.07 0.9669367717 1.651485999
 5.08 0.9682041954 1.65054287
 5.08 0.9682041954 1.65054287
 5.09 0.9694715415 1.649587145
 5.09 0.9694715415 1.649587145
 5.1 0.9707386974 1.648618938
 5.1 0.9707386974 1.648618938
 5.11 0.9720055497 1.647638364
 5.11 0.9720055497 1.647638364
 5.12 0.9732719846 1.646645541
 5.12 0.9732719846 1.646645541
 5.13 0.9745378871 1.645640589
 5.13 0.9745378871 1.645640589
 5.14 0.9758031419 1.644623628
 5.14 0.9758031419 1.644623628
 5.15 0.9770676329 1.643594783
 5.15 0.9770676329 1.643594783
 5.16 0.9783312433 1.642554177
 5.16 0.9783312433 1.642554177
 5.17 0.9795938555 1.641501938
 5.17 0.9795938555 1.641501938
 5.18 0.9808553515 1.640438195
 5.18 0.9808553515 1.640438195
 5.19 0.9821156126 1.639363078
 5.19 0.9821156126 1.639363078
 5.2 0.9833745195 1.63827672
 5.2 0.9833745195 1.63827672
 5.21 0.9846319521 1.637179253
 5.21 0.9846319521 1.637179253
 5.22 0.98588779 1.636070815
 5.22 0.98588779 1.636070815
 5.23 0.987141912 1.634951543
 5.23 0.987141912 1.634951543
 5.24 0.9883941967 1.633821577
 5.24 0.9883941967 1.633821577
 5.25 0.9896445218 1.632681056
 5.25 0.9896445218 1.632681056
 5.26 0.9908927647 1.631530125
 5.26 0.9908927647 1.631530125
 5.27 0.9921388022 1.630368928
 5.27 0.9921388022 1.630368928
 5.28 0.9933825109 1.629197611
 5.28 0.9933825109 1.629197611
 5.29 0.9946237665 1.628016322
 5.29 0.9946237665 1.628016322
 5.3 0.9958624447 1.62682521
 5.3 0.9958624447 1.62682521
 5.31 0.9970984206 1.625624428
 5.31 0.9970984206 1.625624428
 5.32 0.998331569 1.624414127
 5.32 0.998331569 1.624414127
 5.33 0.9995617643 1.623194462
 5.33 0.9995617643 1.623194462
 5.34 1.000788881 1.62196559
 5.34 1.000788881 1.62196559
 5.35 1.002012792 1.620727668
 5.35 1.002012792 1.620727668
 5.36 1.003233371 1.619480855
 5.36 1.003233371 1.619480855
 5.37 1.004450492 1.618225312
 5.37 1.004450492 1.618225312
 5.38 1.005664027 1.616961201
 5.38 1.005664027 1.616961201
 5.39 1.00687385 1.615688686
 5.39 1.00687385 1.615688686
 5.4 1.008079833 1.614407931
 5.4 1.008079833 1.614407931
 5.41 1.009281848 1.613119104
 5.41 1.009281848 1.613119104
 5.42 1.010479769 1.611822372
 5.42 1.010479769 1.611822372
 5.43 1.011673466 1.610517905
 5.43 1.011673466 1.610517905
 5.44 1.012862813 1.609205873
 5.44 1.012862813 1.609205873
 5.45 1.014047682 1.607886448
 5.45 1.014047682 1.607886448
 5.46 1.015227944 1.606559803
 5.46 1.015227944 1.606559803
 5.47 1.016403473 1.605226113
 5.47 1.016403473 1.605226113
 5.48 1.01757414 1.603885554
 5.48 1.01757414 1.603885554
 5.49 1.018739818 1.602538302
 5.49 1.018739818 1.602538302
 5.5 1.01990038 1.601184535
 5.5 1.01990038 1.601184535
 5.51 1.021055697 1.599824433
 5.51 1.021055697 1.599824433
 5.52 1.022205643 1.598458176
 5.52 1.022205643 1.598458176
 5.53 1.023350091 1.597085944
 5.53 1.023350091 1.597085944
 5.54 1.024488915 1.595707921
 5.54 1.024488915 1.595707921
 5.55 1.025621987 1.594324289
 5.55 1.025621987 1.594324289
 5.56 1.026749183 1.592935233
 5.56 1.026749183 1.592935233
 5.57 1.027870375 1.591540938
 5.57 1.027870375 1.591540938
 5.58 1.02898544 1.590141589
 5.58 1.02898544 1.590141589
 5.59 1.030094251 1.588737374
 5.59 1.030094251 1.588737374
 5.6 1.031196685 1.58732848
 5.6 1.031196685 1.58732848
 5.61 1.032292617 1.585915096
 5.61 1.032292617 1.585915096
 5.62 1.033381925 1.58449741
 5.62 1.033381925 1.58449741
 5.63 1.034464485 1.583075612
 5.63 1.034464485 1.583075612
 5.64 1.035540175 1.581649892
 5.64 1.035540175 1.581649892
 5.65 1.036608874 1.580220443
 5.65 1.036608874 1.580220443
 5.66 1.03767046 1.578787454
 5.66 1.03767046 1.578787454
 5.67 1.038724814 1.577351117
 5.67 1.038724814 1.577351117
 5.68 1.039771816 1.575911626
 5.68 1.039771816 1.575911626
 5.69 1.040811347 1.574469174
 5.69 1.040811347 1.574469174
 5.7 1.041843289 1.573023952
 5.7 1.041843289 1.573023952
 5.71 1.042867525 1.571576155
 5.71 1.042867525 1.571576155
 5.72 1.04388394 1.570125977
 5.72 1.04388394 1.570125977
 5.73 1.044892417 1.568673611
 5.73 1.044892417 1.568673611
 5.74 1.045892843 1.567219252
 5.74 1.045892843 1.567219252
 5.75 1.046885104 1.565763094
 5.75 1.046885104 1.565763094
 5.76 1.047869089 1.564305332
 5.76 1.047869089 1.564305332
 5.77 1.048844685 1.562846159
 5.77 1.048844685 1.562846159
 5.78 1.049811783 1.561385772
 5.78 1.049811783 1.561385772
 5.79 1.050770274 1.559924363
 5.79 1.050770274 1.559924363
 5.8 1.05172005 1.558462128
 5.8 1.05172005 1.558462128
 5.81 1.052661005 1.556999261
 5.81 1.052661005 1.556999261
 5.82 1.053593033 1.555535955
 5.82 1.053593033 1.555535955
 5.83 1.05451603 1.554072405
 5.83 1.05451603 1.554072405
 5.84 1.055429894 1.552608804
 5.84 1.055429894 1.552608804
 5.85 1.056334523 1.551145345
 5.85 1.056334523 1.551145345
 5.86 1.057229816 1.549682222
 5.86 1.057229816 1.549682222
 5.87 1.058115677 1.548219626
 5.87 1.058115677 1.548219626
 5.88 1.058992006 1.54675775
 5.88 1.058992006 1.54675775
 5.89 1.05985871 1.545296786
 5.89 1.05985871 1.545296786
 5.9 1.060715692 1.543836923
 5.9 1.060715692 1.543836923
 5.91 1.061562862 1.542378352
 5.91 1.061562862 1.542378352
 5.92 1.062400127 1.540921264
 5.92 1.062400127 1.540921264
 5.93 1.063227399 1.539465846
 5.93 1.063227399 1.539465846
 5.94 1.064044588 1.538012288
 5.94 1.064044588 1.538012288
 5.95 1.064851611 1.536560776
 5.95 1.064851611 1.536560776
 5.96 1.06564838 1.535111498
 5.96 1.06564838 1.535111498
 5.97 1.066434815 1.533664639
 5.97 1.066434815 1.533664639
 5.98 1.067210834 1.532220383
 5.98 1.067210834 1.532220383
 5.99 1.067976357 1.530778915
 5.99 1.067976357 1.530778915
 6 1.068731308 1.529340417
 6 1.068731308 1.529340417
 6.01 1.06947561 1.527905071
 6.01 1.06947561 1.527905071
 6.02 1.07020919 1.526473059
 6.02 1.07020919 1.526473059
 6.03 1.070931975 1.525044558
 6.03 1.070931975 1.525044558
 6.04 1.071643896 1.523619749
 6.04 1.071643896 1.523619749
 6.05 1.072344885 1.522198807
 6.05 1.072344885 1.522198807
 6.06 1.073034876 1.520781908
 6.06 1.073034876 1.520781908
 6.07 1.073713803 1.519369228
 6.07 1.073713803 1.519369228
 6.08 1.074381606 1.517960939
 6.08 1.074381606 1.517960939
 6.09 1.075038223 1.516557214
 6.09 1.075038223 1.516557214
 6.1 1.075683597 1.515158221
 6.1 1.075683597 1.515158221
 6.11 1.076317671 1.513764131
 6.11 1.076317671 1.513764131
 6.12 1.076940391 1.512375111
 6.12 1.076940391 1.512375111
 6.13 1.077551706 1.510991327
 6.13 1.077551706 1.510991327
 6.14 1.078151564 1.509612942
 6.14 1.078151564 1.509612942
 6.15 1.07873992 1.50824012
 6.15 1.07873992 1.50824012
 6.16 1.079316725 1.506873022
 6.16 1.079316725 1.506873022
 6.17 1.079881938 1.505511806
 6.17 1.079881938 1.505511806
 6.18 1.080435516 1.504156631
 6.18 1.080435516 1.504156631
 6.19 1.080977421 1.502807652
 6.19 1.080977421 1.502807652
 6.2 1.081507614 1.501465023
 6.2 1.081507614 1.501465023
 6.21 1.082026062 1.500128897
 6.21 1.082026062 1.500128897
 6.22 1.082532731 1.498799425
 6.22 1.082532731 1.498799425
 6.23 1.08302759 1.497476754
 6.23 1.08302759 1.497476754
 6.24 1.083510612 1.496161031
 6.24 1.083510612 1.496161031
 6.25 1.08398177 1.494852401
 6.25 1.08398177 1.494852401
 6.26 1.08444104 1.493551007
 6.26 1.08444104 1.493551007
 6.27 1.0848884 1.49225699
 6.27 1.0848884 1.49225699
 6.28 1.085323831 1.490970488
 6.28 1.085323831 1.490970488
 6.29 1.085747316 1.489691638
 6.29 1.085747316 1.489691638
 6.3 1.086158838 1.488420574
 6.3 1.086158838 1.488420574
 6.31 1.086558386 1.487157431
 6.31 1.086558386 1.487157431
 6.32 1.086945948 1.485902337
 6.32 1.086945948 1.485902337
 6.33 1.087321517 1.484655421
 6.33 1.087321517 1.484655421
 6.34 1.087685085 1.483416809
 6.34 1.087685085 1.483416809
 6.35 1.088036649 1.482186627
 6.35 1.088036649 1.482186627
 6.36 1.088376207 1.480964995
 6.36 1.088376207 1.480964995
 6.37 1.088703759 1.479752033
 6.37 1.088703759 1.479752033
 6.38 1.089019308 1.478547858
 6.38 1.089019308 1.478547858
 6.39 1.089322858 1.477352587
 6.39 1.089322858 1.477352587
 6.4 1.089614417 1.476166332
 6.4 1.089614417 1.476166332
 6.41 1.089893993 1.474989204
 6.41 1.089893993 1.474989204
 6.42 1.090161598 1.473821311
 6.42 1.090161598 1.473821311
 6.43 1.090417245 1.47266276
 6.43 1.090417245 1.47266276
 6.44 1.090660949 1.471513655
 6.44 1.090660949 1.471513655
 6.45 1.090892729 1.470374097
 6.45 1.090892729 1.470374097
 6.46 1.091112604 1.469244185
 6.46 1.091112604 1.469244185
 6.47 1.091320596 1.468124018
 6.47 1.091320596 1.468124018
 6.48 1.091516728 1.467013689
 6.48 1.091516728 1.467013689
 6.49 1.091701028 1.465913291
 6.49 1.091701028 1.465913291
 6.5 1.091873522 1.464822913
 6.5 1.091873522 1.464822913
 6.51 1.092034242 1.463742645
 6.51 1.092034242 1.463742645
 6.52 1.092183219 1.462672571
 6.52 1.092183219 1.462672571
 6.53 1.092320487 1.461612775
 6.53 1.092320487 1.461612775
 6.54 1.092446083 1.460563336
 6.54 1.092446083 1.460563336
 6.55 1.092560045 1.459524334
 6.55 1.092560045 1.459524334
 6.56 1.092662412 1.458495845
 6.56 1.092662412 1.458495845
 6.57 1.092753227 1.457477942
 6.57 1.092753227 1.457477942
 6.58 1.092832534 1.456470697
 6.58 1.092832534 1.456470697
 6.59 1.092900378 1.455474178
 6.59 1.092900378 1.455474178
 6.6 1.092956808 1.454488453
 6.6 1.092956808 1.454488453
 6.61 1.093001872 1.453513587
 6.61 1.093001872 1.453513587
 6.62 1.093035622 1.45254964
 6.62 1.093035622 1.45254964
 6.63 1.09305811 1.451596673
 6.63 1.09305811 1.451596673
 6.64 1.093069393 1.450654744
 6.64 1.093069393 1.450654744
 6.65 1.093069526 1.449723907
 6.65 1.093069526 1.449723907
 6.66 1.093058568 1.448804216
 6.66 1.093058568 1.448804216
 6.67 1.093036578 1.44789572
 6.67 1.093036578 1.44789572
 6.68 1.093003618 1.44699847
 6.68 1.093003618 1.44699847
 6.69 1.092959753 1.446112509
 6.69 1.092959753 1.446112509
 6.7 1.092905045 1.445237884
 6.7 1.092905045 1.445237884
 6.71 1.092839563 1.444374634
 6.71 1.092839563 1.444374634
 6.72 1.092763374 1.4435228
 6.72 1.092763374 1.4435228
 6.73 1.092676547 1.442682418
 6.73 1.092676547 1.442682418
 6.74 1.092579154 1.441853524
 6.74 1.092579154 1.441853524
 6.75 1.092471267 1.44103615
 6.75 1.092471267 1.44103615
 6.76 1.09235296 1.440230327
 6.76 1.09235296 1.440230327
 6.77 1.092224309 1.439436083
 6.77 1.092224309 1.439436083
 6.78 1.09208539 1.438653446
 6.78 1.09208539 1.438653446
 6.79 1.091936281 1.437882438
 6.79 1.091936281 1.437882438
 6.8 1.091777061 1.437123082
 6.8 1.091777061 1.437123082
 6.81 1.091607812 1.436375398
 6.81 1.091607812 1.436375398
 6.82 1.091428616 1.435639405
 6.82 1.091428616 1.435639405
 6.83 1.091239554 1.434915117
 6.83 1.091239554 1.434915117
 6.84 1.091040713 1.434202549
 6.84 1.091040713 1.434202549
 6.85 1.090832176 1.433501713
 6.85 1.090832176 1.433501713
 6.86 1.090614032 1.432812618
 6.86 1.090614032 1.432812618
 6.87 1.090386367 1.432135273
 6.87 1.090386367 1.432135273
 6.88 1.090149271 1.431469683
 6.88 1.090149271 1.431469683
 6.89 1.089902834 1.430815853
 6.89 1.089902834 1.430815853
 6.9 1.089647145 1.430173784
 6.9 1.089647145 1.430173784
 6.91 1.089382298 1.429543476
 6.91 1.089382298 1.429543476
 6.92 1.089108384 1.428924929
 6.92 1.089108384 1.428924929
 6.93 1.088825498 1.428318138
 6.93 1.088825498 1.428318138
 6.94 1.088533734 1.427723098
 6.94 1.088533734 1.427723098
 6.95 1.088233188 1.427139803
 6.95 1.088233188 1.427139803
 6.96 1.087923955 1.426568243
 6.96 1.087923955 1.426568243
 6.97 1.087606133 1.426008407
 6.97 1.087606133 1.426008407
 6.98 1.08727982 1.425460283
 6.98 1.08727982 1.425460283
 6.99 1.086945114 1.424923858
 6.99 1.086945114 1.424923858
 7 1.086602114 1.424399114
 7 1.086602114 1.424399114
 7.01 1.086250921 1.423886036
 7.01 1.086250921 1.423886036
 7.02 1.085891634 1.423384603
 7.02 1.085891634 1.423384603
 7.03 1.085524355 1.422894796
 7.03 1.085524355 1.422894796
 7.04 1.085149185 1.422416591
 7.04 1.085149185 1.422416591
 7.05 1.084766228 1.421949965
 7.05 1.084766228 1.421949965
 7.06 1.084375584 1.421494893
 7.06 1.084375584 1.421494893
 7.07 1.083977358 1.421051348
 7.07 1.083977358 1.421051348
 7.08 1.083571654 1.420619301
 7.08 1.083571654 1.420619301
 7.09 1.083158575 1.420198723
 7.09 1.083158575 1.420198723
 7.1 1.082738226 1.419789582
 7.1 1.082738226 1.419789582
 7.11 1.082310712 1.419391845
 7.11 1.082310712 1.419391845
 7.12 1.081876138 1.41900548
 7.12 1.081876138 1.41900548
 7.13 1.081434609 1.418630449
 7.13 1.081434609 1.418630449
 7.14 1.080986232 1.418266716
 7.14 1.080986232 1.418266716
 7.15 1.080531112 1.417914244
 7.15 1.080531112 1.417914244
 7.16 1.080069356 1.417572992
 7.16 1.080069356 1.417572992
 7.17 1.07960107 1.41724292
 7.17 1.07960107 1.41724292
 7.18 1.079126361 1.416923987
 7.18 1.079126361 1.416923987
 7.19 1.078645336 1.416616149
 7.19 1.078645336 1.416616149
 7.2 1.078158101 1.416319361
 7.2 1.078158101 1.416319361
 7.21 1.077664764 1.416033579
 7.21 1.077664764 1.416033579
 7.22 1.077165431 1.415758755
 7.22 1.077165431 1.415758755
 7.23 1.076660211 1.415494842
 7.23 1.076660211 1.415494842
 7.24 1.07614921 1.415241791
 7.24 1.07614921 1.415241791
 7.25 1.075632535 1.414999553
 7.25 1.075632535 1.414999553
 7.26 1.075110294 1.414768075
 7.26 1.075110294 1.414768075
 7.27 1.074582594 1.414547307
 7.27 1.074582594 1.414547307
 7.28 1.074049541 1.414337195
 7.28 1.074049541 1.414337195
 7.29 1.073511243 1.414137685
 7.29 1.073511243 1.414137685
 7.3 1.072967806 1.413948722
 7.3 1.072967806 1.413948722
 7.31 1.072419337 1.41377025
 7.31 1.072419337 1.41377025
 7.32 1.071865944 1.413602214
 7.32 1.071865944 1.413602214
 7.33 1.071307731 1.413444554
 7.33 1.071307731 1.413444554
 7.34 1.070744806 1.413297212
 7.34 1.070744806 1.413297212
 7.35 1.070177274 1.41316013
 7.35 1.070177274 1.41316013
 7.36 1.069605241 1.413033247
 7.36 1.069605241 1.413033247
 7.37 1.069028813 1.412916501
 7.37 1.069028813 1.412916501
 7.38 1.068448094 1.412809832
 7.38 1.068448094 1.412809832
 7.39 1.067863189 1.412713177
 7.39 1.067863189 1.412713177
 7.4 1.067274204 1.412626472
 7.4 1.067274204 1.412626472
 7.41 1.066681242 1.412549653
 7.41 1.066681242 1.412549653
 7.42 1.066084407 1.412482657
 7.42 1.066084407 1.412482657
 7.43 1.065483803 1.412425417
 7.43 1.065483803 1.412425417
 7.44 1.064879532 1.412377868
 7.44 1.064879532 1.412377868
 7.45 1.064271698 1.412339943
 7.45 1.064271698 1.412339943
 7.46 1.063660403 1.412311574
 7.46 1.063660403 1.412311574
 7.47 1.063045749 1.412292696
 7.47 1.063045749 1.412292696
 7.48 1.062427836 1.412283237
 7.48 1.062427836 1.412283237
 7.49 1.061806767 1.412283131
 7.49 1.061806767 1.412283131
 7.5 1.06118264 1.412292308
 7.5 1.06118264 1.412292308
 7.51 1.060555558 1.412310697
 7.51 1.060555558 1.412310697
 7.52 1.059925618 1.412338228
 7.52 1.059925618 1.412338228
 7.53 1.05929292 1.412374831
 7.53 1.05929292 1.412374831
 7.54 1.058657563 1.412420434
 7.54 1.058657563 1.412420434
 7.55 1.058019644 1.412474965
 7.55 1.058019644 1.412474965
 7.56 1.05737926 1.412538353
 7.56 1.05737926 1.412538353
 7.57 1.056736508 1.412610523
 7.57 1.056736508 1.412610523
 7.58 1.056091485 1.412691405
 7.58 1.056091485 1.412691405
 7.59 1.055444286 1.412780923
 7.59 1.055444286 1.412780923
 7.6 1.054795006 1.412879005
 7.6 1.054795006 1.412879005
 7.61 1.054143739 1.412985577
 7.61 1.054143739 1.412985577
 7.62 1.053490579 1.413100564
 7.62 1.053490579 1.413100564
 7.63 1.052835619 1.413223891
 7.63 1.052835619 1.413223891
 7.64 1.052178952 1.413355484
 7.64 1.052178952 1.413355484
 7.65 1.05152067 1.413495267
 7.65 1.05152067 1.413495267
 7.66 1.050860862 1.413643165
 7.66 1.050860862 1.413643165
 7.67 1.050199621 1.413799103
 7.67 1.050199621 1.413799103
 7.68 1.049537036 1.413963004
 7.68 1.049537036 1.413963004
 7.69 1.048873195 1.414134792
 7.69 1.048873195 1.414134792
 7.7 1.048208188 1.414314391
 7.7 1.048208188 1.414314391
 7.71 1.047542103 1.414501725
 7.71 1.047542103 1.414501725
 7.72 1.046875025 1.414696716
 7.72 1.046875025 1.414696716
 7.73 1.046207041 1.414899288
 7.73 1.046207041 1.414899288
 7.74 1.045538238 1.415109365
 7.74 1.045538238 1.415109365
 7.75 1.0448687 1.415326868
 7.75 1.0448687 1.415326868
 7.76 1.04419851 1.415551721
 7.76 1.04419851 1.415551721
 7.77 1.043527753 1.415783846
 7.77 1.043527753 1.415783846
 7.78 1.042856511 1.416023166
 7.78 1.042856511 1.416023166
 7.79 1.042184866 1.416269604
 7.79 1.042184866 1.416269604
 7.8 1.041512899 1.416523082
 7.8 1.041512899 1.416523082
 7.81 1.040840691 1.416783522
 7.81 1.040840691 1.416783522
 7.82 1.040168321 1.417050847
 7.82 1.040168321 1.417050847
 7.83 1.039495868 1.417324979
 7.83 1.039495868 1.417324979
 7.84 1.038823411 1.41760584
 7.84 1.038823411 1.41760584
 7.85 1.038151026 1.417893352
 7.85 1.038151026 1.417893352
 7.86 1.03747879 1.418187439
 7.86 1.03747879 1.418187439
 7.87 1.03680678 1.418488022
 7.87 1.03680678 1.418488022
 7.88 1.036135069 1.418795024
 7.88 1.036135069 1.418795024
 7.89 1.035463733 1.419108366
 7.89 1.035463733 1.419108366
 7.9 1.034792845 1.419427972
 7.9 1.034792845 1.419427972
 7.91 1.034122478 1.419753763
 7.91 1.034122478 1.419753763
 7.92 1.033452703 1.420085663
 7.92 1.033452703 1.420085663
 7.93 1.032783591 1.420423593
 7.93 1.032783591 1.420423593
 7.94 1.032115214 1.420767477
 7.94 1.032115214 1.420767477
 7.95 1.031447641 1.421117237
 7.95 1.031447641 1.421117237
 7.96 1.03078094 1.421472796
 7.96 1.03078094 1.421472796
 7.97 1.030115179 1.421834077
 7.97 1.030115179 1.421834077
 7.98 1.029450426 1.422201003
 7.98 1.029450426 1.422201003
 7.99 1.028786747 1.422573497
 7.99 1.028786747 1.422573497
 8 1.028124208 1.422951482
 8 1.028124208 1.422951482
 8.01 1.027462873 1.423334882
 8.01 1.027462873 1.423334882
 8.02 1.026802807 1.423723621
 8.02 1.026802807 1.423723621
 8.03 1.026144074 1.424117621
 8.03 1.026144074 1.424117621
 8.04 1.025486734 1.424516807
 8.04 1.025486734 1.424516807
 8.05 1.024830851 1.424921104
 8.05 1.024830851 1.424921104
 8.06 1.024176486 1.425330434
 8.06 1.024176486 1.425330434
 8.07 1.023523697 1.425744723
 8.07 1.023523697 1.425744723
 8.08 1.022872545 1.426163895
 8.08 1.022872545 1.426163895
 8.09 1.022223089 1.426587875
 8.09 1.022223089 1.426587875
 8.1 1.021575386 1.427016587
 8.1 1.021575386 1.427016587
 8.11 1.020929493 1.427449957
 8.11 1.020929493 1.427449957
 8.12 1.020285467 1.42788791
 8.12 1.020285467 1.42788791
 8.13 1.019643363 1.428330371
 8.13 1.019643363 1.428330371
 8.14 1.019003236 1.428777267
 8.14 1.019003236 1.428777267
 8.15 1.018365139 1.429228523
 8.15 1.018365139 1.429228523
 8.16 1.017729127 1.429684066
 8.16 1.017729127 1.429684066
 8.17 1.017095251 1.430143822
 8.17 1.017095251 1.430143822
 8.18 1.016463564 1.430607717
 8.18 1.016463564 1.430607717
 8.19 1.015834116 1.431075679
 8.19 1.015834116 1.431075679
 8.2 1.015206957 1.431547634
 8.2 1.015206957 1.431547634
 8.21 1.014582137 1.43202351
 8.21 1.014582137 1.43202351
 8.22 1.013959705 1.432503235
 8.22 1.013959705 1.432503235
 8.23 1.013339708 1.432986737
 8.23 1.013339708 1.432986737
 8.24 1.012722195 1.433473943
 8.24 1.012722195 1.433473943
 8.25 1.012107211 1.433964782
 8.25 1.012107211 1.433964782
 8.26 1.011494802 1.434459183
 8.26 1.011494802 1.434459183
 8.27 1.010885013 1.434957075
 8.27 1.010885013 1.434957075
 8.28 1.010277889 1.435458387
 8.28 1.010277889 1.435458387
 8.29 1.009673472 1.435963049
 8.29 1.009673472 1.435963049
 8.3 1.009071807 1.43647099
 8.3 1.009071807 1.43647099
 8.31 1.008472936 1.43698214
 8.31 1.008472936 1.43698214
 8.32 1.007876899 1.43749643
 8.32 1.007876899 1.43749643
 8.33 1.007283737 1.438013791
 8.33 1.007283737 1.438013791
 8.34 1.006693491 1.438534153
 8.34 1.006693491 1.438534153
 8.35 1.0061062 1.439057448
 8.35 1.0061062 1.439057448
 8.36 1.005521903 1.439583607
 8.36 1.005521903 1.439583607
 8.37 1.004940637 1.440112563
 8.37 1.004940637 1.440112563
 8.38 1.004362441 1.440644247
 8.38 1.004362441 1.440644247
 8.39 1.00378735 1.441178591
 8.39 1.00378735 1.441178591
 8.4 1.0032154 1.44171553
 8.4 1.0032154 1.44171553
 8.41 1.002646628 1.442254995
 8.41 1.002646628 1.442254995
 8.42 1.002081067 1.44279692
 8.42 1.002081067 1.44279692
 8.43 1.001518751 1.443341239
 8.43 1.001518751 1.443341239
 8.44 1.000959715 1.443887886
 8.44 1.000959715 1.443887886
 8.45 1.00040399 1.444436796
 8.45 1.00040399 1.444436796
 8.46 0.9998516079 1.444987902
 8.46 0.9998516079 1.444987902
 8.47 0.9993026012 1.44554114
 8.47 0.9993026012 1.44554114
 8.48 0.9987570001 1.446096446
 8.48 0.9987570001 1.446096446
 8.49 0.9982148348 1.446653755
 8.49 0.9982148348 1.446653755
 8.5 0.9976761348 1.447213003
 8.5 0.9976761348 1.447213003
 8.51 0.9971409289 1.447774127
 8.51 0.9971409289 1.447774127
 8.52 0.9966092453 1.448337063
 8.52 0.9966092453 1.448337063
 8.53 0.9960811118 1.448901747
 8.53 0.9960811118 1.448901747
 8.54 0.9955565553 1.449468119
 8.54 0.9955565553 1.449468119
 8.55 0.9950356022 1.450036114
 8.55 0.9950356022 1.450036114
 8.56 0.9945182784 1.450605671
 8.56 0.9945182784 1.450605671
 8.57 0.9940046092 1.451176729
 8.57 0.9940046092 1.451176729
 8.58 0.993494619 1.451749226
 8.58 0.993494619 1.451749226
 8.59 0.9929883321 1.452323101
 8.59 0.9929883321 1.452323101
 8.6 0.9924857719 1.452898294
 8.6 0.9924857719 1.452898294
 8.61 0.9919869613 1.453474744
 8.61 0.9919869613 1.453474744
 8.62 0.9914919226 1.454052392
 8.62 0.9914919226 1.454052392
 8.63 0.9910006777 1.454631177
 8.63 0.9910006777 1.454631177
 8.64 0.9905132476 1.45521104
 8.64 0.9905132476 1.45521104
 8.65 0.9900296532 1.455791924
 8.65 0.9900296532 1.455791924
 8.66 0.9895499144 1.456373768
 8.66 0.9895499144 1.456373768
 8.67 0.9890740509 1.456956515
 8.67 0.9890740509 1.456956515
 8.68 0.9886020816 1.457540107
 8.68 0.9886020816 1.457540107
 8.69 0.9881340251 1.458124486
 8.69 0.9881340251 1.458124486
 8.7 0.9876698993 1.458709595
 8.7 0.9876698993 1.458709595
 8.71 0.9872097217 1.459295378
 8.71 0.9872097217 1.459295378
 8.72 0.9867535092 1.459881778
 8.72 0.9867535092 1.459881778
 8.73 0.9863012781 1.460468738
 8.73 0.9863012781 1.460468738
 8.74 0.9858530443 1.461056204
 8.74 0.9858530443 1.461056204
 8.75 0.9854088233 1.461644119
 8.75 0.9854088233 1.461644119
 8.76 0.9849686298 1.462232428
 8.76 0.9849686298 1.462232428
 8.77 0.9845324784 1.462821078
 8.77 0.9845324784 1.462821078
 8.78 0.9841003828 1.463410012
 8.78 0.9841003828 1.463410012
 8.79 0.9836723565 1.463999178
 8.79 0.9836723565 1.463999178
 8.8 0.9832484123 1.464588522
 8.8 0.9832484123 1.464588522
 8.81 0.9828285628 1.46517799
 8.81 0.9828285628 1.46517799
 8.82 0.9824128198 1.46576753
 8.82 0.9824128198 1.46576753
 8.83 0.9820011949 1.466357088
 8.83 0.9820011949 1.466357088
 8.84 0.9815936991 1.466946613
 8.84 0.9815936991 1.466946613
 8.85 0.981190343 1.467536052
 8.85 0.981190343 1.467536052
 8.86 0.9807911367 1.468125354
 8.86 0.9807911367 1.468125354
 8.87 0.9803960898 1.468714469
 8.87 0.9803960898 1.468714469
 8.88 0.9800052116 1.469303344
 8.88 0.9800052116 1.469303344
 8.89 0.9796185109 1.469891929
 8.89 0.9796185109 1.469891929
 8.9 0.9792359959 1.470480175
 8.9 0.9792359959 1.470480175
 8.91 0.9788576747 1.471068032
 8.91 0.9788576747 1.471068032
 8.92 0.9784835546 1.471655449
 8.92 0.9784835546 1.471655449
 8.93 0.9781136427 1.472242378
 8.93 0.9781136427 1.472242378
 8.94 0.9777479457 1.472828771
 8.94 0.9777479457 1.472828771
 8.95 0.9773864698 1.473414578
 8.95 0.9773864698 1.473414578
 8.96 0.9770292207 1.473999753
 8.96 0.9770292207 1.473999753
 8.97 0.9766762039 1.474584246
 8.97 0.9766762039 1.474584246
 8.98 0.9763274244 1.475168011
 8.98 0.9763274244 1.475168011
 8.99 0.9759828867 1.475751
 8.99 0.9759828867 1.475751
 9 0.9756425952 1.476333168
 9 0.9756425952 1.476333168
 9.01 0.9753065534 1.476914468
 9.01 0.9753065534 1.476914468
 9.02 0.974974765 1.477494853
 9.02 0.974974765 1.477494853
 9.03 0.974647233 1.478074279
 9.03 0.974647233 1.478074279
 9.04 0.9743239599 1.478652699
 9.04 0.9743239599 1.478652699
 9.05 0.9740049481 1.47923007
 9.05 0.9740049481 1.47923007
 9.06 0.9736901995 1.479806346
 9.06 0.9736901995 1.479806346
 9.07 0.9733797157 1.480381484
 9.07 0.9733797157 1.480381484
 9.08 0.9730734979 1.480955439
 9.08 0.9730734979 1.480955439
 9.09 0.9727715468 1.481528169
 9.09 0.9727715468 1.481528169
 9.1 0.972473863 1.482099629
 9.1 0.972473863 1.482099629
 9.11 0.9721804465 1.482669778
 9.11 0.9721804465 1.482669778
 9.12 0.9718912972 1.483238572
 9.12 0.9718912972 1.483238572
 9.13 0.9716064144 1.48380597
 9.13 0.9716064144 1.48380597
 9.14 0.9713257974 1.484371929
 9.14 0.9713257974 1.484371929
 9.15 0.9710494447 1.484936409
 9.15 0.9710494447 1.484936409
 9.16 0.9707773549 1.485499368
 9.16 0.9707773549 1.485499368
 9.17 0.9705095261 1.486060766
 9.17 0.9705095261 1.486060766
 9.18 0.9702459559 1.486620563
 9.18 0.9702459559 1.486620563
 9.19 0.9699866419 1.487178717
 9.19 0.9699866419 1.487178717
 9.2 0.9697315811 1.487735191
 9.2 0.9697315811 1.487735191
 9.21 0.9694807704 1.488289943
 9.21 0.9694807704 1.488289943
 9.22 0.9692342063 1.488842936
 9.22 0.9692342063 1.488842936
 9.23 0.9689918849 1.48939413
 9.23 0.9689918849 1.48939413
 9.24 0.9687538022 1.489943488
 9.24 0.9687538022 1.489943488
 9.25 0.9685199537 1.490490971
 9.25 0.9685199537 1.490490971
 9.26 0.9682903347 1.491036542
 9.26 0.9682903347 1.491036542
 9.27 0.9680649401 1.491580164
 9.27 0.9680649401 1.491580164
 9.28 0.9678437647 1.4921218
 9.28 0.9678437647 1.4921218
 9.29 0.9676268029 1.492661412
 9.29 0.9676268029 1.492661412
 9.3 0.9674140488 1.493198965
 9.3 0.9674140488 1.493198965
 9.31 0.9672054963 1.493734424
 9.31 0.9672054963 1.493734424
 9.32 0.9670011388 1.494267752
 9.32 0.9670011388 1.494267752
 9.33 0.9668009696 1.494798914
 9.33 0.9668009696 1.494798914
 9.34 0.9666049818 1.495327875
 9.34 0.9666049818 1.495327875
 9.35 0.9664131681 1.495854602
 9.35 0.9664131681 1.495854602
 9.36 0.9662255209 1.496379059
 9.36 0.9662255209 1.496379059
 9.37 0.9660420325 1.496901213
 9.37 0.9660420325 1.496901213
 9.38 0.9658626948 1.49742103
 9.38 0.9658626948 1.49742103
 9.39 0.9656874994 1.497938478
 9.39 0.9656874994 1.497938478
 9.4 0.9655164377 1.498453524
 9.4 0.9655164377 1.498453524
 9.41 0.9653495011 1.498966134
 9.41 0.9653495011 1.498966134
 9.42 0.9651866802 1.499476277
 9.42 0.9651866802 1.499476277
 9.43 0.9650279659 1.499983922
 9.43 0.9650279659 1.499983922
 9.44 0.9648733485 1.500489036
 9.44 0.9648733485 1.500489036
 9.45 0.9647228182 1.500991589
 9.45 0.9647228182 1.500991589
 9.46 0.9645763649 1.50149155
 9.46 0.9645763649 1.50149155
 9.47 0.9644339783 1.501988888
 9.47 0.9644339783 1.501988888
 9.48 0.964295648 1.502483574
 9.48 0.964295648 1.502483574
 9.49 0.964161363 1.502975577
 9.49 0.964161363 1.502975577
 9.5 0.9640311125 1.503464868
 9.5 0.9640311125 1.503464868
 9.51 0.9639048851 1.503951419
 9.51 0.9639048851 1.503951419
 9.52 0.9637826695 1.5044352
 9.52 0.9637826695 1.5044352
 9.53 0.9636644539 1.504916184
 9.53 0.9636644539 1.504916184
 9.54 0.9635502264 1.505394341
 9.54 0.9635502264 1.505394341
 9.55 0.9634399749 1.505869645
 9.55 0.9634399749 1.505869645
 9.56 0.9633336871 1.506342068
 9.56 0.9633336871 1.506342068
 9.57 0.9632313504 1.506811583
 9.57 0.9632313504 1.506811583
 9.58 0.963132952 1.507278163
 9.58 0.963132952 1.507278163
 9.59 0.963038479 1.507741782
 9.59 0.963038479 1.507741782
 9.6 0.9629479182 1.508202414
 9.6 0.9629479182 1.508202414
 9.61 0.9628612562 1.508660033
 9.61 0.9628612562 1.508660033
 9.62 0.9627784795 1.509114615
 9.62 0.9627784795 1.509114615
 9.63 0.9626995741 1.509566133
 9.63 0.9626995741 1.509566133
 9.64 0.9626245262 1.510014563
 9.64 0.9626245262 1.510014563
 9.65 0.9625533215 1.510459882
 9.65 0.9625533215 1.510459882
 9.66 0.9624859457 1.510902065
 9.66 0.9624859457 1.510902065
 9.67 0.9624223841 1.511341088
 9.67 0.9624223841 1.511341088
 9.68 0.9623626221 1.511776928
 9.68 0.9623626221 1.511776928
 9.69 0.9623066446 1.512209562
 9.69 0.9623066446 1.512209562
 9.7 0.9622544365 1.512638968
 9.7 0.9622544365 1.512638968
 9.71 0.9622059825 1.513065123
 9.71 0.9622059825 1.513065123
 9.72 0.9621612671 1.513488005
 9.72 0.9621612671 1.513488005
 9.73 0.9621202746 1.513907593
 9.73 0.9621202746 1.513907593
 9.74 0.9620829891 1.514323866
 9.74 0.9620829891 1.514323866
 9.75 0.9620493946 1.514736801
 9.75 0.9620493946 1.514736801
 9.76 0.9620194748 1.51514638
 9.76 0.9620194748 1.51514638
 9.77 0.9619932133 1.515552581
 9.77 0.9619932133 1.515552581
 9.78 0.9619705936 1.515955385
 9.78 0.9619705936 1.515955385
 9.79 0.961951599 1.516354771
 9.79 0.961951599 1.516354771
 9.8 0.9619362124 1.516750722
 9.8 0.9619362124 1.516750722
 9.81 0.9619244169 1.517143217
 9.81 0.9619244169 1.517143217
 9.82 0.9619161952 1.517532239
 9.82 0.9619161952 1.517532239
 9.83 0.9619115299 1.517917768
 9.83 0.9619115299 1.517917768
 9.84 0.9619104034 1.518299788
 9.84 0.9619104034 1.518299788
 9.85 0.961912798 1.51867828
 9.85 0.961912798 1.51867828
 9.86 0.9619186958 1.519053228
 9.86 0.9619186958 1.519053228
 9.87 0.9619280788 1.519424614
 9.87 0.9619280788 1.519424614
 9.88 0.9619409287 1.519792422
 9.88 0.9619409287 1.519792422
 9.89 0.9619572273 1.520156636
 9.89 0.9619572273 1.520156636
 9.9 0.961976956 1.520517239
 9.9 0.961976956 1.520517239
 9.91 0.9620000961 1.520874216
 9.91 0.9620000961 1.520874216
 9.92 0.9620266289 1.521227553
 9.92 0.9620266289 1.521227553
 9.93 0.9620565353 1.521577233
 9.93 0.9620565353 1.521577233
 9.94 0.9620897964 1.521923243
 9.94 0.9620897964 1.521923243
 9.95 0.9621263928 1.522265569
 9.95 0.9621263928 1.522265569
 9.96 0.9621663052 1.522604196
 9.96 0.9621663052 1.522604196
 9.97 0.962209514 1.52293911
 9.97 0.962209514 1.52293911
 9.98 0.9622559995 1.5232703
 9.98 0.9622559995 1.5232703
 9.99 0.9623057421 1.523597751
 9.99 0.9623057421 1.523597751
 10 0.9623587216 1.523921452
