9.499000000 1.0514400000 14.4940000000 0.9502050000 0.0170000000
9.500000000 1.0504497204 14.4925391502 0.9490789124 0.0169710575
9.504277191 1.0489701897 14.4864839345 0.9470235637 0.0168450010
9.508554381 1.0487037082 14.4806891769 0.9461863118 0.0167153988
9.514544542 1.0486621618 14.4729750178 0.9453521837 0.0165282130
9.522629915 1.0486703306 14.4632724203 0.9443024488 0.0162656643
9.531361016 1.0487053826 14.4536716616 0.9432102565 0.0159703401
9.538727369 1.0486959375 14.4462471822 0.9422618062 0.0157124231
9.546510166 1.0487047667 14.4390458016 0.9412904461 0.0154319533
9.554292964 1.0487151026 14.4324763258 0.9403326766 0.0151439835
9.562075761 1.0487271870 14.4265109612 0.9393886118 0.0148491870
9.569858559 1.0487412952 14.4211229309 0.9384584004 0.0145482074
9.577641357 1.0487577383 14.4162864394 0.9375422272 0.0142416595
9.584306497 1.0486989664 14.4125628709 0.9366938985 0.0139751532
9.591275437 1.0486781168 14.4090669183 0.9358565399 0.0136929764
9.599297554 1.0486917492 14.4055239873 0.9349415777 0.0133641931
9.607945368 1.0487502634 14.4022547867 0.9340124775 0.0130056358
9.614107087 1.0486793392 14.4002554094 0.9332461076 0.0127479064
9.621250892 1.0486693216 14.3982689019 0.9324385035 0.0124470992
9.629999554 1.0487036880 14.3962984251 0.9315086426 0.0120762768
9.637146831 1.0486865359 14.3950471202 0.9307138022 0.0117717342
9.644994772 1.0486962816 14.3940273871 0.9298799886 0.0114360847
9.653278092 1.0487332705 14.3933335627 0.9290382564 0.0110808182
9.660073714 1.0486919682 14.3930417862 0.9282847775 0.0107889007
9.667358514 1.0486821617 14.3929950997 0.9275202850 0.0104757953
9.675536117 1.0487040557 14.3932546795 0.9267056699 0.0101244332
9.683713720 1.0487388577 14.3938267167 0.9259150957 0.0097735481
9.690447129 1.0486924989 14.3945186823 0.9251972943 0.0094852355
9.697648690 1.0486801567 14.3954704123 0.9244750289 0.0091777048
9.705818066 1.0487005158 14.3968012407 0.9237001992 0.0088301457
9.714315610 1.0487570215 14.3984530552 0.9229408745 0.0084703978
9.720431269 1.0486803382 14.3997990468 0.9222839329 0.0082127819
9.727478849 1.0486681753 14.4015081932 0.9216103938 0.0079174145
9.736176961 1.0486989038 14.4038373496 0.9208354448 0.0075553237
9.743442050 1.0486869528 14.4059568002 0.9201593322 0.0072551569
9.751387512 1.0487008535 14.4084462076 0.9194559900 0.0069294411
9.759619383 1.0487374885 14.4112026832 0.9187594486 0.0065950063
9.766327313 1.0486908710 14.4135724832 0.9181226578 0.0063248971
9.773544054 1.0486793739 14.4162405656 0.9174835669 0.0060368441
9.781756720 1.0487010780 14.4194169084 0.9168002122 0.0057123963
9.790273287 1.0487597460 14.4228575346 0.9161378874 0.0053798863
9.796313876 1.0486793390 14.4253797204 0.9155521231 0.0051465728
9.803330641 1.0486669799 14.4283929628 0.9149591945 0.0048782730
9.812073881 1.0486977738 14.4322633985 0.9142760825 0.0045481667
9.819314105 1.0486852671 14.4355571734 0.9136801997 0.0042784424
9.827287526 1.0486997746 14.4392713419 0.9130604169 0.0039853143
9.835572070 1.0487393652 14.4432190050 0.9124499150 0.0036851909
9.842181035 1.0486882672 14.4464257545 0.9118865488 0.0034490818
9.849376093 1.0486768758 14.4499724510 0.9113239398 0.0031954354
9.857679914 1.0487006655 14.4541311927 0.9107198464 0.0029071795
9.865261080 1.0487007286 14.4579824750 0.9101542541 0.0026482616
9.872842246 1.0487007916 14.4618808201 0.9095958393 0.0023934568
9.880423413 1.0487008544 14.4658212943 0.9090445177 0.0021428123
9.888004579 1.0487009172 14.4697991767 0.9085002058 0.0018963704
9.895585745 1.0487009798 14.4738099516 0.9079628210 0.0016541682
9.903166911 1.0487010423 14.4778493016 0.9074322814 0.0014162385
9.910748077 1.0487011047 14.4819131001 0.9069085060 0.0011826094
9.918329243 1.0487011670 14.4859974046 0.9063914146 0.0009533046
9.925910409 1.0487012291 14.4900984502 0.9058809277 0.0007283439
9.933491576 1.0487012911 14.4942126431 0.9053769666 0.0005077433
9.941072742 1.0487013530 14.4983365545 0.9048794535 0.0002915147
9.948653908 1.0487014148 14.5024669145 0.9043883113 0.0000796668
9.956235074 1.0487014765 14.5066006064 0.9039034637 -0.0001277953
9.963816240 1.0487015380 14.5107346612 0.9034248351 -0.0003308695
9.971397406 1.0487015994 14.5148662519 0.9029523508 -0.0005295571
9.978978573 1.0487016607 14.5189926887 0.9024859368 -0.0007238621
9.986559739 1.0487017219 14.5231114137 0.9020255199 -0.0009137913
9.994140905 1.0487017829 14.5272199961 0.9015710276 -0.0010993543
10.001722071 1.0487018438 14.5313161276 0.9011223881 -0.0012805629
10.009303237 1.0487019046 14.5353976174 0.9006795305 -0.0014574316
10.016884403 1.0487019653 14.5394623885 0.9002423846 -0.0016299772
10.024465569 1.0487020259 14.5435084729 0.8998108809 -0.0017982182
10.032046736 1.0487020863 14.5475340076 0.8993849506 -0.0019621756
10.039627902 1.0487021466 14.5515372309 0.8989645258 -0.0021218722
10.047209068 1.0487022068 14.5555164782 0.8985495390 -0.0022773325
10.054790234 1.0487022669 14.5594701787 0.8981399238 -0.0024285828
10.062371400 1.0487023268 14.5633968513 0.8977356143 -0.0025756510
10.069952566 1.0487023866 14.5672951017 0.8973365454 -0.0027185666
10.077533732 1.0487024463 14.5711636187 0.8969426525 -0.0028573603
10.085114899 1.0487025059 14.5750011711 0.8965538720 -0.0029920645
10.092696065 1.0487025653 14.5788066045 0.8961701408 -0.0031227126
10.100277231 1.0487026246 14.5825788384 0.8957913965 -0.0032493393
10.107858397 1.0487026838 14.5863168633 0.8954175776 -0.0033719803
10.115439563 1.0487027429 14.5900197377 0.8950486229 -0.0034906725
10.123020729 1.0487028019 14.5936865857 0.8946844722 -0.0036054537
10.130601895 1.0487028607 14.5973165943 0.8943250658 -0.0037163625
10.138183062 1.0487029194 14.6009090104 0.8939703448 -0.0038234384
10.145764228 1.0487029779 14.6044631393 0.8936202508 -0.0039267218
10.153345394 1.0487030364 14.6079783413 0.8932747261 -0.0040262535
10.160926560 1.0487030947 14.6114540302 0.8929337138 -0.0041220752
10.168507726 1.0487031529 14.6148896709 0.8925971573 -0.0042142292
10.176088892 1.0487032110 14.6182847771 0.8922650011 -0.0043027582
10.183670058 1.0487032689 14.6216389093 0.8919371900 -0.0043877055
10.191251225 1.0487033267 14.6249516732 0.8916136694 -0.0044691147
10.198832391 1.0487033844 14.6282227173 0.8912943856 -0.0045470300
10.206413557 1.0487034420 14.6314517313 0.8909792852 -0.0046214959
10.213994723 1.0487034994 14.6346384442 0.8906683157 -0.0046925570
10.221575889 1.0487035567 14.6377826230 0.8903614249 -0.0047602584
10.229157055 1.0487036139 14.6408840706 0.8900585615 -0.0048246453
10.236738222 1.0487036710 14.6439426241 0.8897596747 -0.0048857633
10.244319388 1.0487037279 14.6469581540 0.8894647141 -0.0049436578
10.251900554 1.0487037847 14.6499305620 0.8891736301 -0.0049983746
10.259481720 1.0487038414 14.6528597797 0.8888863736 -0.0050499596
10.267062886 1.0487038979 14.6557457677 0.8886028961 -0.0050984585
10.274644052 1.0487039544 14.6585885137 0.8883231496 -0.0051439173
10.282225218 1.0487040107 14.6613880314 0.8880470867 -0.0051863819
10.289806385 1.0487040669 14.6641443596 0.8877746607 -0.0052258980
10.297387551 1.0487041229 14.6668575604 0.8875058251 -0.0052625117
10.304968717 1.0487041788 14.6695277187 0.8872405344 -0.0052962684
10.312549883 1.0487042346 14.6721549405 0.8869787432 -0.0053272140
10.320131049 1.0487042903 14.6747393525 0.8867204069 -0.0053553939
10.327712215 1.0487043458 14.6772811004 0.8864654815 -0.0053808534
10.335293381 1.0487044012 14.6797803484 0.8862139232 -0.0054036378
10.342874548 1.0487044565 14.6822372781 0.8859656890 -0.0054237920
10.350455714 1.0487045117 14.6846520874 0.8857207363 -0.0054413610
10.358036880 1.0487045667 14.6870249900 0.8854790231 -0.0054563892
10.365618046 1.0487046216 14.6893562142 0.8852405078 -0.0054689210
10.373199212 1.0487046764 14.6916460025 0.8850051493 -0.0054790006
10.380780378 1.0487047310 14.6938946101 0.8847729071 -0.0054866717
10.388361544 1.0487047856 14.6961023050 0.8845437411 -0.0054919780
10.395942711 1.0487048400 14.6982693668 0.8843176116 -0.0054949628
10.403523877 1.0487048942 14.7003960860 0.8840944797 -0.0054956689
10.411105043 1.0487049484 14.7024827634 0.8838743066 -0.0054941391
10.418686209 1.0487050024 14.7045297096 0.8836570542 -0.0054904157
10.426267375 1.0487050563 14.7065372441 0.8834426847 -0.0054845406
10.433848541 1.0487051100 14.7085056950 0.8832311610 -0.0054765557
10.441429708 1.0487051636 14.7104353981 0.8830224462 -0.0054665020
10.449010874 1.0487052171 14.7123266969 0.8828165040 -0.0054544207
10.456592040 1.0487052705 14.7141799412 0.8826132984 -0.0054403523
10.464173206 1.0487053238 14.7159954876 0.8824127941 -0.0054243369
10.471754372 1.0487053769 14.7177736981 0.8822149560 -0.0054064144
10.479335538 1.0487054299 14.7195149403 0.8820197494 -0.0053866243
10.486916704 1.0487054827 14.7212195867 0.8818271404 -0.0053650055
10.494497871 1.0487055355 14.7228880142 0.8816370950 -0.0053415967
10.502079037 1.0487055881 14.7245206038 0.8814495800 -0.0053164362
10.509660203 1.0487056406 14.7261177400 0.8812645624 -0.0052895618
10.517241369 1.0487056929 14.7276798110 0.8810820097 -0.0052610108
10.524822535 1.0487057452 14.7292072075 0.8809018899 -0.0052308204
10.532403701 1.0487057973 14.7307003230 0.8807241712 -0.0051990271
10.539984867 1.0487058492 14.7321595533 0.8805488224 -0.0051656670
10.547566034 1.0487059011 14.7335852958 0.8803758124 -0.0051307760
10.555147200 1.0487059528 14.7349779500 0.8802051107 -0.0050943894
10.562728366 1.0487060044 14.7363379164 0.8800366873 -0.0050565420
10.570309532 1.0487060558 14.7376655967 0.8798705123 -0.0050172684
10.577890698 1.0487061072 14.7389613933 0.8797065562 -0.0049766026
10.585471864 1.0487061584 14.7402257092 0.8795447902 -0.0049345783
10.593053030 1.0487062095 14.7414589476 0.8793851854 -0.0048912286
10.600634197 1.0487062604 14.7426615120 0.8792277136 -0.0048465862
10.608215363 1.0487063112 14.7438338056 0.8790723469 -0.0048006836
10.615796529 1.0487063619 14.7449762311 0.8789190575 -0.0047535527
10.623377695 1.0487064125 14.7460891907 0.8787678183 -0.0047052250
10.630958861 1.0487064630 14.7471730861 0.8786186024 -0.0046557314
10.638540027 1.0487065133 14.7482283177 0.8784713831 -0.0046051027
10.646121193 1.0487065635 14.7492552849 0.8783261342 -0.0045533690
10.653702360 1.0487066135 14.7502543860 0.8781828299 -0.0045005602
10.661283526 1.0487066635 14.7512260176 0.8780414445 -0.0044467055
10.668864692 1.0487067133 14.7521705749 0.8779019528 -0.0043918341
10.676445858 1.0487067630 14.7530884512 0.8777643298 -0.0043359743
10.684027024 1.0487068125 14.7539800382 0.8776285510 -0.0042791543
10.691608190 1.0487068619 14.7548457254 0.8774945921 -0.0042214017
10.699189357 1.0487069112 14.7556859003 0.8773624289 -0.0041627440
10.706770523 1.0487069604 14.7565009481 0.8772320380 -0.0041032079
10.714351689 1.0487070095 14.7572912516 0.8771033958 -0.0040428199
10.721932855 1.0487070584 14.7580571916 0.8769764792 -0.0039816060
10.729514021 1.0487071072 14.7587991458 0.8768512656 -0.0039195920
10.737095187 1.0487071559 14.7595174897 0.8767277323 -0.0038568031
10.744676353 1.0487072044 14.7602125959 0.8766058573 -0.0037932641
10.752257520 1.0487072528 14.7608848344 0.8764856185 -0.0037289995
10.759838686 1.0487073011 14.7615345723 0.8763669942 -0.0036640334
10.767419852 1.0487073493 14.7621621737 0.8762499633 -0.0035983895
10.775001018 1.0487073973 14.7627679997 0.8761345044 -0.0035320911
10.782582184 1.0487074452 14.7633524085 0.8760205969 -0.0034651610
10.790163350 1.0487074930 14.7639157553 0.8759082201 -0.0033976219
10.797744516 1.0487075407 14.7644583918 0.8757973538 -0.0033294959
10.805325683 1.0487075882 14.7649806669 0.8756879780 -0.0032608048
10.812906849 1.0487076356 14.7654829259 0.8755800728 -0.0031915701
10.820488015 1.0487076829 14.7659655113 0.8754736188 -0.0031218127
10.828069181 1.0487077300 14.7664287618 0.8753685967 -0.0030515534
10.835650347 1.0487077771 14.7668730130 0.8752649874 -0.0029808126
10.843231513 1.0487078240 14.7672985972 0.8751627723 -0.0029096102
10.850812679 1.0487078708 14.7677058431 0.8750619327 -0.0028379659
10.858393846 1.0487079174 14.7680950763 0.8749624505 -0.0027658989
10.865975012 1.0487079640 14.7684666185 0.8748643075 -0.0026934282
10.873556178 1.0487080104 14.7688207883 0.8747674859 -0.0026205724
10.881137344 1.0487080566 14.7691579008 0.8746719682 -0.0025473498
10.888718510 1.0487081028 14.7694782674 0.8745777370 -0.0024737783
10.896299676 1.0487081488 14.7697821961 0.8744847752 -0.0023998756
10.903880842 1.0487081947 14.7700699916 0.8743930659 -0.0023256588
10.911462009 1.0487082405 14.7703419548 0.8743025923 -0.0022511451
10.919043175 1.0487082862 14.7705983832 0.8742133381 -0.0021763509
10.926624341 1.0487083317 14.7708395707 0.8741252869 -0.0021012927
10.934205507 1.0487083771 14.7710658080 0.8740384227 -0.0020259865
10.941786673 1.0487084224 14.7712773817 0.8739527297 -0.0019504480
10.949367839 1.0487084676 14.7714745755 0.8738681923 -0.0018746925
10.956949006 1.0487085126 14.7716576692 0.8737847950 -0.0017987353
10.964530172 1.0487085575 14.7718269392 0.8737025227 -0.0017225911
10.972111338 1.0487086023 14.7719826584 0.8736213602 -0.0016462745
10.979692504 1.0487086470 14.7721250963 0.8735412928 -0.0015697997
10.987273670 1.0487086916 14.7722545188 0.8734623059 -0.0014931806
10.994854836 1.0487087360 14.7723711883 0.8733843850 -0.0014164310
11.002436002 1.0487087803 14.7724753640 0.8733075158 -0.0013395642
11.010017169 1.0487088245 14.7725673014 0.8732316843 -0.0012625933
11.017598335 1.0487088685 14.7726472527 0.8731568767 -0.0011855313
11.025179501 1.0487089124 14.7727154667 0.8730830791 -0.0011083906
11.032760667 1.0487089563 14.7727721887 0.8730102782 -0.0010311837
11.040341833 1.0487089999 14.7728176609 0.8729384605 -0.0009539225
11.047922999 1.0487090435 14.7728521217 0.8728676129 -0.0008766190
11.055504165 1.0487090869 14.7728758067 0.8727977225 -0.0007992846
11.063085332 1.0487091303 14.7728889478 0.8727287763 -0.0007219307
11.070666498 1.0487091735 14.7728917738 0.8726607618 -0.0006445684
11.078247664 1.0487092165 14.7728845102 0.8725936665 -0.0005672084
11.085828830 1.0487092595 14.7728673791 0.8725274780 -0.0004898614
11.093409996 1.0487093023 14.7728405997 0.8724621842 -0.0004125377
11.100991162 1.0487093450 14.7728043877 0.8723977730 -0.0003352475
11.108572328 1.0487093876 14.7727589559 0.8723342328 -0.0002580006
11.116153495 1.0487094301 14.7727045137 0.8722715517 -0.0001808068
11.123734661 1.0487094725 14.7726412675 0.8722097182 -0.0001036754
11.131315827 1.0487095147 14.7725694207 0.8721487211 -0.0000266157
11.138896993 1.0487095568 14.7724891736 0.8720885489 0.0000503632
11.146478159 1.0487095988 14.7724007232 0.8720291908 0.0001272526
11.154059325 1.0487096407 14.7723042638 0.8719706357 0.0002040439
11.161640492 1.0487096824 14.7721999867 0.8719128728 0.0002807286
11.169221658 1.0487097240 14.7720880800 0.8718558916 0.0003572985
11.176802824 1.0487097655 14.7719687291 0.8717996814 0.0004337458
11.184383990 1.0487098069 14.7718421165 0.8717442321 0.0005100624
11.191965156 1.0487098482 14.7717084217 0.8716895332 0.0005862410
11.199546322 1.0487098894 14.7715678214 0.8716355748 0.0006622739
11.207127488 1.0487099304 14.7714204895 0.8715823469 0.0007381540
11.214708655 1.0487099713 14.7712665972 0.8715298396 0.0008138742
11.222289821 1.0487100121 14.7711063127 0.8714780434 0.0008894277
11.229870987 1.0487100528 14.7709398018 0.8714269485 0.0009648078
11.237452153 1.0487100933 14.7707672274 0.8713765456 0.0010400079
11.245033319 1.0487101338 14.7705887497 0.8713268253 0.0011150217
11.252614485 1.0487101741 14.7704045264 0.8712777785 0.0011898430
11.260195651 1.0487102143 14.7702147125 0.8712293961 0.0012644658
11.267776818 1.0487102544 14.7700194605 0.8711816692 0.0013388842
11.275357984 1.0487102943 14.7698189202 0.8711345889 0.0014130925
11.282939150 1.0487103342 14.7696132391 0.8710881466 0.0014870853
11.290520316 1.0487103739 14.7694025619 0.8710423335 0.0015608571
11.298101482 1.0487104135 14.7691870312 0.8709971414 0.0016344027
11.305682648 1.0487104530 14.7689667869 0.8709525617 0.0017077171
11.313263814 1.0487104924 14.7687419666 0.8709085862 0.0017807952
11.320844981 1.0487105317 14.7685127055 0.8708652069 0.0018536324
11.328426147 1.0487105708 14.7682791364 0.8708224156 0.0019262239
11.336007313 1.0487106098 14.7680413900 0.8707802044 0.0019985653
11.343588479 1.0487106488 14.7677995945 0.8707385656 0.0020706522
11.351169645 1.0487106876 14.7675538758 0.8706974913 0.0021424803
11.358750811 1.0487107262 14.7673043577 0.8706569741 0.0022140457
11.366331977 1.0487107648 14.7670511619 0.8706170063 0.0022853442
11.373913144 1.0487108033 14.7667944076 0.8705775805 0.0023563721
11.381494310 1.0487108416 14.7665342122 0.8705386895 0.0024271257
11.389075476 1.0487108798 14.7662706908 0.8705003260 0.0024976013
11.396656642 1.0487109179 14.7660039564 0.8704624829 0.0025677955
11.404237808 1.0487109559 14.7657341199 0.8704251532 0.0026377050
11.411818974 1.0487109938 14.7654612903 0.8703883299 0.0027073265
11.419400141 1.0487110316 14.7651855746 0.8703520063 0.0027766568
11.426981307 1.0487110692 14.7649070778 0.8703161755 0.0028456931
11.434562473 1.0487111068 14.7646259027 0.8702808310 0.0029144323
11.442143639 1.0487111442 14.7643421504 0.8702459660 0.0029828717
11.449724805 1.0487111815 14.7640559202 0.8702115743 0.0030510086
11.457305971 1.0487112187 14.7637673094 0.8701776493 0.0031188404
11.464887137 1.0487112558 14.7634764133 0.8701441848 0.0031863647
11.472468304 1.0487112927 14.7631833256 0.8701111746 0.0032535791
11.480049470 1.0487113296 14.7628881382 0.8700786124 0.0033204813
11.487630636 1.0487113663 14.7625909410 0.8700464923 0.0033870691
11.495211802 1.0487114030 14.7622918225 0.8700148083 0.0034533405
11.502792968 1.0487114395 14.7619908691 0.8699835545 0.0035192934
11.510374134 1.0487114759 14.7616881658 0.8699527251 0.0035849259
11.517955300 1.0487115122 14.7613837958 0.8699223142 0.0036502363
11.525536467 1.0487115484 14.7610778408 0.8698923164 0.0037152227
11.533117633 1.0487115845 14.7607703805 0.8698627259 0.0037798837
11.540698799 1.0487116204 14.7604614935 0.8698335373 0.0038442175
11.548279965 1.0487116563 14.7601512564 0.8698047452 0.0039082228
11.555861131 1.0487116920 14.7598397445 0.8697763441 0.0039718981
11.563442297 1.0487117276 14.7595270315 0.8697483288 0.0040352421
11.571023463 1.0487117632 14.7592131896 0.8697206941 0.0040982536
11.578604630 1.0487117986 14.7588982895 0.8696934348 0.0041609315
11.586185796 1.0487118339 14.7585824004 0.8696665459 0.0042232746
11.593766962 1.0487118691 14.7582655901 0.8696400223 0.0042852820
11.601348128 1.0487119041 14.7579479251 0.8696138590 0.0043469526
11.608929294 1.0487119391 14.7576294704 0.8695880513 0.0044082856
11.616510460 1.0487119740 14.7573102894 0.8695625943 0.0044692803
11.624091626 1.0487120087 14.7569904446 0.8695374832 0.0045299358
11.631672793 1.0487120434 14.7566699969 0.8695127134 0.0045902515
11.639253959 1.0487120779 14.7563490059 0.8694882802 0.0046502268
11.646835125 1.0487121123 14.7560275299 0.8694641791 0.0047098612
11.654416291 1.0487121467 14.7557056260 0.8694404055 0.0047691541
11.661997457 1.0487121809 14.7553833500 0.8694169552 0.0048281052
11.669578623 1.0487122150 14.7550607566 0.8693938236 0.0048867141
11.677159790 1.0487122490 14.7547378991 0.8693710064 0.0049449804
11.684740956 1.0487122829 14.7544148296 0.8693484995 0.0050029039
11.692322122 1.0487123167 14.7540915993 0.8693262985 0.0050604844
11.699903288 1.0487123503 14.7537682579 0.8693043994 0.0051177219
11.707484454 1.0487123839 14.7534448543 0.8692827981 0.0051746160
11.715065620 1.0487124174 14.7531214360 0.8692614904 0.0052311670
11.722646786 1.0487124507 14.7527980495 0.8692404725 0.0052873746
11.730227953 1.0487124840 14.7524747404 0.8692197405 0.0053432391
11.737809119 1.0487125171 14.7521515529 0.8691992903 0.0053987605
11.745390285 1.0487125502 14.7518285305 0.8691791183 0.0054539390
11.752971451 1.0487125831 14.7515057154 0.8691592207 0.0055087747
11.760552617 1.0487126159 14.7511831489 0.8691395936 0.0055632679
11.768133783 1.0487126486 14.7508608714 0.8691202335 0.0056174189
11.775714949 1.0487126813 14.7505389222 0.8691011368 0.0056712280
11.783296116 1.0487127138 14.7502173396 0.8690822998 0.0057246956
11.790877282 1.0487127462 14.7498961611 0.8690637191 0.0057778221
11.798458448 1.0487127785 14.7495754232 0.8690453912 0.0058306080
11.806039614 1.0487128107 14.7492551616 0.8690273126 0.0058830536
11.813620780 1.0487128428 14.7489354108 0.8690094800 0.0059351597
11.821201946 1.0487128748 14.7486162047 0.8689918900 0.0059869266
11.828783112 1.0487129067 14.7482975764 0.8689745393 0.0060383550
11.836364279 1.0487129385 14.7479795578 0.8689574247 0.0060894456
11.843945445 1.0487129702 14.7476621802 0.8689405430 0.0061401990
11.851526611 1.0487130018 14.7473454742 0.8689238911 0.0061906159
11.859107777 1.0487130332 14.7470294693 0.8689074657 0.0062406970
11.866688943 1.0487130646 14.7467141943 0.8688912639 0.0062904431
11.874270109 1.0487130959 14.7463996775 0.8688752826 0.0063398550
11.881851276 1.0487131271 14.7460859461 0.8688595188 0.0063889335
11.889432442 1.0487131582 14.7457730266 0.8688439696 0.0064376794
11.897013608 1.0487131891 14.7454609448 0.8688286320 0.0064860937
11.904594774 1.0487132200 14.7451497260 0.8688135032 0.0065341771
11.912175940 1.0487132508 14.7448393943 0.8687985803 0.0065819307
11.919757106 1.0487132815 14.7445299737 0.8687838606 0.0066293555
11.927338272 1.0487133120 14.7442214869 0.8687693412 0.0066764523
11.934919439 1.0487133425 14.7439139565 0.8687550196 0.0067232222
11.942500605 1.0487133729 14.7436074040 0.8687408929 0.0067696662
11.950081771 1.0487134032 14.7433018504 0.8687269585 0.0068157853
11.957662937 1.0487134333 14.7429973162 0.8687132139 0.0068615807
11.965244103 1.0487134634 14.7426938212 0.8686996565 0.0069070535
11.972825269 1.0487134934 14.7423913844 0.8686862836 0.0069522047
11.980406435 1.0487135233 14.7420900244 0.8686730928 0.0069970354
11.987987602 1.0487135531 14.7417897591 0.8686600817 0.0070415469
11.995568768 1.0487135827 14.7414906060 0.8686472478 0.0070857403
12.003149934 1.0487136123 14.7411925819 0.8686345886 0.0071296167
12.010731100 1.0487136418 14.7408957029 0.8686221019 0.0071731775
12.018312266 1.0487136712 14.7405999848 0.8686097852 0.0072164237
12.025893432 1.0487137005 14.7403054428 0.8685976363 0.0072593568
12.033474598 1.0487137297 14.7400120915 0.8685856529 0.0073019778
12.041055765 1.0487137588 14.7397199450 0.8685738327 0.0073442881
12.048636931 1.0487137878 14.7394290170 0.8685621735 0.0073862890
12.056218097 1.0487138167 14.7391393204 0.8685506731 0.0074279818
12.063799263 1.0487138455 14.7388508681 0.8685393294 0.0074693677
12.071380429 1.0487138742 14.7385636721 0.8685281403 0.0075104482
12.078961595 1.0487139028 14.7382777442 0.8685171036 0.0075512245
12.086542761 1.0487139314 14.7379930955 0.8685062172 0.0075916980
12.094123928 1.0487139598 14.7377097368 0.8684954792 0.0076318701
12.101705094 1.0487139881 14.7374276785 0.8684848875 0.0076717421
12.109286260 1.0487140164 14.7371469304 0.8684744402 0.0077113155
12.116867426 1.0487140445 14.7368675021 0.8684641352 0.0077505916
12.124448592 1.0487140725 14.7365894026 0.8684539706 0.0077895718
12.132029758 1.0487141005 14.7363126406 0.8684439445 0.0078282575
12.139610925 1.0487141284 14.7360372243 0.8684340551 0.0078666502
12.147192091 1.0487141561 14.7357631616 0.8684243004 0.0079047514
12.154773257 1.0487141838 14.7354904601 0.8684146787 0.0079425623
12.162354423 1.0487142114 14.7352191267 0.8684051882 0.0079800846
12.169935589 1.0487142389 14.7349491683 0.8683958269 0.0080173196
12.177516755 1.0487142663 14.7346805912 0.8683865933 0.0080542688
12.185097921 1.0487142936 14.7344134015 0.8683774856 0.0080909336
12.192679088 1.0487143208 14.7341476049 0.8683685020 0.0081273157
12.200260254 1.0487143479 14.7338832067 0.8683596409 0.0081634163
12.207841420 1.0487143749 14.7336202120 0.8683509006 0.0081992371
12.215422586 1.0487144019 14.7333586254 0.8683422794 0.0082347795
12.223003752 1.0487144287 14.7330984514 0.8683337758 0.0082700450
12.230584918 1.0487144555 14.7328396940 0.8683253881 0.0083050351
12.238166084 1.0487144821 14.7325823571 0.8683171148 0.0083397514
12.245747251 1.0487145087 14.7323264440 0.8683089543 0.0083741952
12.253328417 1.0487145352 14.7320719580 0.8683009050 0.0084083682
12.260909583 1.0487145616 14.7318189020 0.8682929655 0.0084422719
12.268490749 1.0487145879 14.7315672786 0.8682851343 0.0084759077
12.276071915 1.0487146141 14.7313170901 0.8682774099 0.0085092772
12.283653081 1.0487146402 14.7310683388 0.8682697908 0.0085423820
12.291234247 1.0487146662 14.7308210264 0.8682622757 0.0085752235
12.298815414 1.0487146922 14.7305751545 0.8682548630 0.0086078032
12.306396580 1.0487147180 14.7303307244 0.8682475515 0.0086401228
12.313977746 1.0487147438 14.7300877373 0.8682403396 0.0086721837
12.321558912 1.0487147695 14.7298461939 0.8682332262 0.0087039875
12.329140078 1.0487147951 14.7296060950 0.8682262098 0.0087355357
12.336721244 1.0487148206 14.7293674409 0.8682192891 0.0087668298
12.344302410 1.0487148460 14.7291302319 0.8682124628 0.0087978714
12.351883577 1.0487148713 14.7288944678 0.8682057296 0.0088286620
12.359464743 1.0487148966 14.7286601485 0.8681990883 0.0088592031
12.367045909 1.0487149217 14.7284272735 0.8681925376 0.0088894963
12.374627075 1.0487149468 14.7281958422 0.8681860763 0.0089195430
12.382208241 1.0487149718 14.7279658537 0.8681797031 0.0089493450
12.389789407 1.0487149966 14.7277373070 0.8681734169 0.0089789035
12.397370574 1.0487150215 14.7275102010 0.8681672165 0.0090082203
12.404951740 1.0487150462 14.7272845341 0.8681611007 0.0090372968
12.412532906 1.0487150708 14.7270603048 0.8681550684 0.0090661345
12.420114072 1.0487150954 14.7268375114 0.8681491183 0.0090947351
12.427695238 1.0487151198 14.7266161520 0.8681432495 0.0091230999
12.435276404 1.0487151442 14.7263962245 0.8681374608 0.0091512305
12.442857570 1.0487151685 14.7261777266 0.8681317511 0.0091791284
12.450438737 1.0487151927 14.7259606561 0.8681261193 0.0092067953
12.458019903 1.0487152169 14.7257450103 0.8681205645 0.0092342324
12.465601069 1.0487152409 14.7255307865 0.8681150854 0.0092614415
12.473182235 1.0487152649 14.7253179820 0.8681096811 0.0092884239
12.480763401 1.0487152887 14.7251065937 0.8681043506 0.0093151812
12.488344567 1.0487153125 14.7248966186 0.8680990929 0.0093417150
12.495925733 1.0487153362 14.7246880534 0.8680939070 0.0093680266
12.503506900 1.0487153599 14.7244808947 0.8680887918 0.0093941175
12.511088066 1.0487153834 14.7242751392 0.8680837466 0.0094199894
12.518669232 1.0487154069 14.7240707830 0.8680787702 0.0094456436
12.526250398 1.0487154303 14.7238678226 0.8680738617 0.0094710817
12.533831564 1.0487154536 14.7236662541 0.8680690203 0.0094963051
12.541412730 1.0487154768 14.7234660735 0.8680642450 0.0095213152
12.548993896 1.0487154999 14.7232672767 0.8680595349 0.0095461137
12.556575063 1.0487155230 14.7230698597 0.8680548892 0.0095707019
12.564156229 1.0487155459 14.7228738181 0.8680503069 0.0095950813
12.571737395 1.0487155688 14.7226791475 0.8680457872 0.0096192533
12.579318561 1.0487155917 14.7224858436 0.8680413292 0.0096432195
12.586899727 1.0487156144 14.7222939016 0.8680369321 0.0096669812
12.594480893 1.0487156370 14.7221033171 0.8680325951 0.0096905399
12.602062060 1.0487156596 14.7219140852 0.8680283173 0.0097138970
12.609643226 1.0487156821 14.7217262011 0.8680240980 0.0097370541
12.617224392 1.0487157045 14.7215396600 0.8680199363 0.0097600124
12.624805558 1.0487157269 14.7213544569 0.8680158315 0.0097827734
12.632386724 1.0487157491 14.7211705866 0.8680117828 0.0098053386
12.639967890 1.0487157713 14.7209880441 0.8680077894 0.0098277093
12.647549056 1.0487157934 14.7208068242 0.8680038506 0.0098498870
12.655130223 1.0487158154 14.7206269216 0.8679999656 0.0098718731
12.662711389 1.0487158374 14.7204483310 0.8679961337 0.0098936689
12.670292555 1.0487158592 14.7202710469 0.8679923541 0.0099152758
12.677873721 1.0487158810 14.7200950639 0.8679886262 0.0099366953
12.685454887 1.0487159027 14.7199203765 0.8679849493 0.0099579287
12.693036053 1.0487159243 14.7197469791 0.8679813226 0.0099789773
12.700617219 1.0487159459 14.7195748661 0.8679777455 0.0099998426
12.708198386 1.0487159674 14.7194040318 0.8679742173 0.0100205259
12.715779552 1.0487159888 14.7192344705 0.8679707374 0.0100410286
12.723360718 1.0487160101 14.7190661763 0.8679673050 0.0100613519
12.730941884 1.0487160314 14.7188991434 0.8679639195 0.0100814974
12.738523050 1.0487160525 14.7187333660 0.8679605804 0.0101014662
12.746104216 1.0487160736 14.7185688381 0.8679572869 0.0101212597
12.753685382 1.0487160947 14.7184055538 0.8679540384 0.0101408792
12.761266549 1.0487161156 14.7182435071 0.8679508344 0.0101603261
12.768847715 1.0487161365 14.7180826919 0.8679476741 0.0101796017
12.776428881 1.0487161573 14.7179231021 0.8679445571 0.0101987072
12.784010047 1.0487161780 14.7177647318 0.8679414828 0.0102176440
12.791591213 1.0487161987 14.7176075746 0.8679384504 0.0102364133
12.799172379 1.0487162192 14.7174516245 0.8679354596 0.0102550165
12.806753545 1.0487162397 14.7172968753 0.8679325097 0.0102734548
12.814334712 1.0487162602 14.7171433207 0.8679296001 0.0102917295
12.821915878 1.0487162805 14.7169909544 0.8679267303 0.0103098419
12.829497044 1.0487163008 14.7168397703 0.8679238998 0.0103277931
12.837078210 1.0487163210 14.7166897620 0.8679211081 0.0103455846
12.844659376 1.0487163411 14.7165409231 0.8679183545 0.0103632174
12.852240542 1.0487163612 14.7163932474 0.8679156386 0.0103806929
12.859821709 1.0487163812 14.7162467286 0.8679129599 0.0103980122
12.867402875 1.0487164011 14.7161013601 0.8679103178 0.0104151767
12.874984041 1.0487164210 14.7159571357 0.8679077119 0.0104321874
12.882565207 1.0487164407 14.7158140489 0.8679051417 0.0104490457
12.890146373 1.0487164604 14.7156720933 0.8679026066 0.0104657528
12.897727539 1.0487164801 14.7155312625 0.8679001063 0.0104823097
12.905308705 1.0487164996 14.7153915500 0.8678976402 0.0104987178
12.912889872 1.0487165191 14.7152529495 0.8678952078 0.0105149782
12.920471038 1.0487165386 14.7151154544 0.8678928088 0.0105310921
12.928052204 1.0487165579 14.7149790583 0.8678904426 0.0105470606
12.935633370 1.0487165772 14.7148437547 0.8678881088 0.0105628849
12.943214536 1.0487165964 14.7147095372 0.8678858069 0.0105785662
12.950795702 1.0487166155 14.7145763993 0.8678835366 0.0105941057
12.958376868 1.0487166346 14.7144443344 0.8678812974 0.0106095043
12.965958035 1.0487166536 14.7143133361 0.8678790888 0.0106247634
12.973539201 1.0487166725 14.7141833980 0.8678769105 0.0106398840
12.981120367 1.0487166914 14.7140545135 0.8678747621 0.0106548673
12.988701533 1.0487167102 14.7139266762 0.8678726430 0.0106697143
12.996282699 1.0487167289 14.7137998796 0.8678705530 0.0106844262
13.003863865 1.0487167476 14.7136741173 0.8678684917 0.0106990040
13.011445031 1.0487167662 14.7135493826 0.8678664586 0.0107134490
13.019026198 1.0487167847 14.7134256693 0.8678644533 0.0107277621
13.026607364 1.0487168032 14.7133029707 0.8678624755 0.0107419444
13.034188530 1.0487168216 14.7131812806 0.8678605249 0.0107559970
13.041769696 1.0487168399 14.7130605923 0.8678586009 0.0107699210
13.049350862 1.0487168581 14.7129408996 0.8678567034 0.0107837174
13.056932028 1.0487168763 14.7128221959 0.8678548318 0.0107973873
13.064513194 1.0487168944 14.7127044749 0.8678529859 0.0108109318
13.072094361 1.0487169125 14.7125877300 0.8678511654 0.0108243518
13.079675527 1.0487169305 14.7124719550 0.8678493697 0.0108376484
13.087256693 1.0487169484 14.7123571435 0.8678475987 0.0108508227
13.094837859 1.0487169663 14.7122432890 0.8678458520 0.0108638756
13.102419025 1.0487169840 14.7121303853 0.8678441293 0.0108768082
13.110000191 1.0487170018 14.7120184258 0.8678424302 0.0108896214
13.117581358 1.0487170194 14.7119074045 0.8678407543 0.0109023163
13.125162524 1.0487170370 14.7117973148 0.8678391015 0.0109148939
13.132743690 1.0487170546 14.7116881505 0.8678374713 0.0109273551
13.140324856 1.0487170720 14.7115799053 0.8678358635 0.0109397010
13.147906022 1.0487170894 14.7114725730 0.8678342778 0.0109519324
13.155487188 1.0487171068 14.7113661473 0.8678327138 0.0109640504
13.163068354 1.0487171240 14.7112606219 0.8678311713 0.0109760559
13.170649521 1.0487171412 14.7111559907 0.8678296500 0.0109879499
13.178230687 1.0487171584 14.7110522474 0.8678281495 0.0109997334
13.185811853 1.0487171755 14.7109493858 0.8678266697 0.0110114071
13.193393019 1.0487171925 14.7108473998 0.8678252101 0.0110229722
13.200974185 1.0487172095 14.7107462833 0.8678237706 0.0110344295
13.208555351 1.0487172264 14.7106460301 0.8678223509 0.0110457799
13.216136517 1.0487172432 14.7105466341 0.8678209506 0.0110570244
13.223717684 1.0487172600 14.7104480893 0.8678195696 0.0110681638
13.231298850 1.0487172767 14.7103503895 0.8678182075 0.0110791991
13.238880016 1.0487172933 14.7102535288 0.8678168642 0.0110901311
13.246461182 1.0487173099 14.7101575011 0.8678155393 0.0111009608
13.254042348 1.0487173264 14.7100623005 0.8678142326 0.0111116890
13.261623514 1.0487173429 14.7099679209 0.8678129438 0.0111223166
13.269204680 1.0487173593 14.7098743565 0.8678116728 0.0111328444
13.276785847 1.0487173756 14.7097816012 0.8678104192 0.0111432734
13.284367013 1.0487173919 14.7096896493 0.8678091829 0.0111536044
13.291948179 1.0487174081 14.7095984947 0.8678079635 0.0111638381
13.299529345 1.0487174243 14.7095081318 0.8678067609 0.0111739756
13.307110511 1.0487174404 14.7094185546 0.8678055749 0.0111840175
13.314691677 1.0487174564 14.7093297573 0.8678044051 0.0111939648
13.322272844 1.0487174724 14.7092417342 0.8678032515 0.0112038183
13.329854010 1.0487174883 14.7091544796 0.8678021136 0.0112135788
13.337435176 1.0487175042 14.7090679876 0.8678009915 0.0112232470
13.345016342 1.0487175200 14.7089822526 0.8677998848 0.0112328239
13.352597508 1.0487175357 14.7088972690 0.8677987933 0.0112423101
13.360178674 1.0487175514 14.7088130310 0.8677977168 0.0112517065
13.367759840 1.0487175670 14.7087295331 0.8677966551 0.0112610140
13.375341007 1.0487175826 14.7086467697 0.8677956080 0.0112702332
13.382922173 1.0487175981 14.7085647351 0.8677945754 0.0112793649
13.390503339 1.0487176135 14.7084834240 0.8677935569 0.0112884100
13.398084505 1.0487176289 14.7084028306 0.8677925525 0.0112973691
13.405665671 1.0487176443 14.7083229497 0.8677915619 0.0113062431
13.413246837 1.0487176596 14.7082437756 0.8677905849 0.0113150327
13.420828003 1.0487176748 14.7081653030 0.8677896214 0.0113237386
13.428409170 1.0487176899 14.7080875265 0.8677886711 0.0113323616
13.435990336 1.0487177050 14.7080104407 0.8677877340 0.0113409024
13.443571502 1.0487177201 14.7079340403 0.8677868097 0.0113493618
13.451152668 1.0487177351 14.7078583199 0.8677858982 0.0113577404
13.458733834 1.0487177500 14.7077832742 0.8677849992 0.0113660390
13.466315000 1.0487177649 14.7077088981 0.8677841126 0.0113742583
13.473896166 1.0487177797 14.7076351862 0.8677832383 0.0113823991
13.481477333 1.0487177945 14.7075621334 0.8677823759 0.0113904619
13.489058499 1.0487178092 14.7074897344 0.8677815255 0.0113984476
13.496639665 1.0487178239 14.7074179842 0.8677806868 0.0114063568
13.504220831 1.0487178385 14.7073468776 0.8677798597 0.0114141901
13.511801997 1.0487178530 14.7072764095 0.8677790439 0.0114219483
13.519383163 1.0487178675 14.7072065749 0.8677782394 0.0114296321
13.526964329 1.0487178820 14.7071373687 0.8677774460 0.0114372421
13.534545496 1.0487178963 14.7070687859 0.8677766636 0.0114447790
13.542126662 1.0487179107 14.7070008217 0.8677758919 0.0114522434
13.549707828 1.0487179249 14.7069334709 0.8677751309 0.0114596359
13.557288994 1.0487179392 14.7068667287 0.8677743804 0.0114669574
13.564870160 1.0487179533 14.7068005903 0.8677736403 0.0114742083
13.572451326 1.0487179674 14.7067350507 0.8677729103 0.0114813893
13.580032493 1.0487179815 14.7066701052 0.8677721905 0.0114885011
13.587613659 1.0487179955 14.7066057488 0.8677714805 0.0114955443
13.595194825 1.0487180095 14.7065419770 0.8677707804 0.0115025194
13.602775991 1.0487180234 14.7064787848 0.8677700900 0.0115094272
13.610357157 1.0487180372 14.7064161677 0.8677694091 0.0115162683
13.617938323 1.0487180510 14.7063541209 0.8677687375 0.0115230431
13.625519489 1.0487180648 14.7062926398 0.8677680753 0.0115297525
13.633100656 1.0487180785 14.7062317198 0.8677674222 0.0115363968
13.640681822 1.0487180921 14.7061713562 0.8677667782 0.0115429768
13.648262988 1.0487181057 14.7061115445 0.8677661430 0.0115494930
13.655844154 1.0487181192 14.7060522801 0.8677655167 0.0115559461
13.663425320 1.0487181327 14.7059935586 0.8677648990 0.0115623365
13.671006486 1.0487181462 14.7059353755 0.8677642898 0.0115686649
13.678587652 1.0487181595 14.7058777263 0.8677636891 0.0115749318
13.686168819 1.0487181729 14.7058206066 0.8677630966 0.0115811378
13.693749985 1.0487181862 14.7057640120 0.8677625124 0.0115872835
13.701331151 1.0487181994 14.7057079381 0.8677619362 0.0115933693
13.708912317 1.0487182126 14.7056523807 0.8677613681 0.0115993960
13.716493483 1.0487182257 14.7055973353 0.8677608078 0.0116053639
13.724074649 1.0487182388 14.7055427978 0.8677602552 0.0116112737
13.731655815 1.0487182518 14.7054887639 0.8677597103 0.0116171258
13.739236982 1.0487182648 14.7054352293 0.8677591729 0.0116229209
13.746818148 1.0487182777 14.7053821899 0.8677586430 0.0116286594
13.754399314 1.0487182906 14.7053296415 0.8677581205 0.0116343419
13.761980480 1.0487183034 14.7052775800 0.8677576051 0.0116399689
13.769561646 1.0487183162 14.7052260012 0.8677570969 0.0116455409
13.777142812 1.0487183290 14.7051749011 0.8677565958 0.0116510584
13.784723978 1.0487183417 14.7051242756 0.8677561016 0.0116565219
13.792305145 1.0487183543 14.7050741208 0.8677556143 0.0116619319
13.799886311 1.0487183669 14.7050244325 0.8677551337 0.0116672889
13.807467477 1.0487183794 14.7049752069 0.8677546598 0.0116725934
13.815048643 1.0487183919 14.7049264400 0.8677541924 0.0116778460
13.822629809 1.0487184044 14.7048781279 0.8677537316 0.0116830470
13.830210975 1.0487184168 14.7048302667 0.8677532771 0.0116881970
13.837792142 1.0487184291 14.7047828526 0.8677528289 0.0116932964
13.845373308 1.0487184414 14.7047358817 0.8677523870 0.0116983457
13.852954474 1.0487184537 14.7046893502 0.8677519512 0.0117033455
13.860535640 1.0487184659 14.7046432543 0.8677515215 0.0117082960
13.868116806 1.0487184781 14.7045975904 0.8677510977 0.0117131979
13.875697972 1.0487184902 14.7045523546 0.8677506798 0.0117180515
13.883279138 1.0487185023 14.7045075434 0.8677502677 0.0117228573
13.890860305 1.0487185143 14.7044631529 0.8677498614 0.0117276158
13.898441471 1.0487185263 14.7044191796 0.8677494607 0.0117323274
13.906022637 1.0487185382 14.7043756199 0.8677490656 0.0117369926
13.913603803 1.0487185501 14.7043324702 0.8677486760 0.0117416117
13.921184969 1.0487185619 14.7042897268 0.8677482918 0.0117461853
13.928766135 1.0487185737 14.7042473864 0.8677479129 0.0117507137
13.936347301 1.0487185855 14.7042054453 0.8677475393 0.0117551974
13.943928468 1.0487185972 14.7041639001 0.8677471709 0.0117596367
13.951509634 1.0487186088 14.7041227473 0.8677468077 0.0117640322
13.959090800 1.0487186204 14.7040819836 0.8677464495 0.0117683842
13.966671966 1.0487186320 14.7040416054 0.8677460963 0.0117726932
13.974253132 1.0487186435 14.7040016094 0.8677457480 0.0117769595
13.981834298 1.0487186550 14.7039619923 0.8677454046 0.0117811836
13.989415464 1.0487186665 14.7039227508 0.8677450659 0.0117853658
13.996996631 1.0487186778 14.7038838814 0.8677447320 0.0117895065
14.004577797 1.0487186892 14.7038453810 0.8677444027 0.0117936062
14.012158963 1.0487187005 14.7038072463 0.8677440781 0.0117976652
14.019740129 1.0487187118 14.7037694741 0.8677437579 0.0118016840
14.027321295 1.0487187230 14.7037320611 0.8677434423 0.0118056628
14.034902461 1.0487187342 14.7036950041 0.8677431310 0.0118096021
14.042483628 1.0487187453 14.7036583001 0.8677428241 0.0118135023
14.050064794 1.0487187564 14.7036219459 0.8677425215 0.0118173637
14.057645960 1.0487187674 14.7035859384 0.8677422231 0.0118211867
14.065227126 1.0487187784 14.7035502745 0.8677419288 0.0118249717
14.072808292 1.0487187894 14.7035149511 0.8677416387 0.0118287190
14.080389458 1.0487188003 14.7034799652 0.8677413527 0.0118324290
14.087970624 1.0487188112 14.7034453138 0.8677410706 0.0118361020
14.095551791 1.0487188220 14.7034109939 0.8677407925 0.0118397384
14.103132957 1.0487188328 14.7033770025 0.8677405183 0.0118433386
14.110714123 1.0487188436 14.7033433368 0.8677402479 0.0118469029
14.118295289 1.0487188543 14.7033099937 0.8677399813 0.0118504316
14.125876455 1.0487188649 14.7032769704 0.8677397185 0.0118539251
14.133457621 1.0487188756 14.7032442640 0.8677394593 0.0118573837
14.141038787 1.0487188861 14.7032118716 0.8677392037 0.0118608078
14.148619954 1.0487188967 14.7031797905 0.8677389518 0.0118641976
14.156201120 1.0487189072 14.7031480179 0.8677387033 0.0118675536
14.163782286 1.0487189177 14.7031165508 0.8677384584 0.0118708760
14.171363452 1.0487189281 14.7030853867 0.8677382169 0.0118741652
14.178944618 1.0487189385 14.7030545227 0.8677379788 0.0118774214
14.186525784 1.0487189488 14.7030239561 0.8677377440 0.0118806451
14.194106950 1.0487189591 14.7029936843 0.8677375125 0.0118838364
14.201688117 1.0487189694 14.7029637045 0.8677372843 0.0118869958
14.209269283 1.0487189796 14.7029340142 0.8677370593 0.0118901236
14.216850449 1.0487189898 14.7029046107 0.8677368374 0.0118932199
14.224431615 1.0487189999 14.7028754913 0.8677366187 0.0118962852
14.232012781 1.0487190100 14.7028466535 0.8677364030 0.0118993198
14.239593947 1.0487190201 14.7028180947 0.8677361904 0.0119023239
14.247175113 1.0487190301 14.7027898124 0.8677359808 0.0119052978
14.254756280 1.0487190401 14.7027618041 0.8677357741 0.0119082418
14.262337446 1.0487190500 14.7027340673 0.8677355703 0.0119111563
14.269918612 1.0487190599 14.7027065994 0.8677353694 0.0119140415
14.277499778 1.0487190698 14.7026793980 0.8677351714 0.0119168977
14.285080944 1.0487190796 14.7026524606 0.8677349761 0.0119197251
14.292662110 1.0487190894 14.7026257850 0.8677347836 0.0119225241
14.300243277 1.0487190992 14.7025993685 0.8677345938 0.0119252949
14.307824443 1.0487191089 14.7025732090 0.8677344066 0.0119280378
14.315405609 1.0487191185 14.7025473039 0.8677342222 0.0119307531
14.322986775 1.0487191282 14.7025216510 0.8677340403 0.0119334410
14.330567941 1.0487191378 14.7024962479 0.8677338610 0.0119361018
14.338149107 1.0487191473 14.7024710924 0.8677336842 0.0119387358
14.345730273 1.0487191569 14.7024461821 0.8677335099 0.0119413432
14.353311440 1.0487191664 14.7024215147 0.8677333381 0.0119439243
14.360892606 1.0487191758 14.7023970881 0.8677331687 0.0119464794
14.368473772 1.0487191852 14.7023729001 0.8677330018 0.0119490086
14.376054938 1.0487191946 14.7023489483 0.8677328372 0.0119515123
14.383636104 1.0487192039 14.7023252306 0.8677326749 0.0119539907
14.391217270 1.0487192133 14.7023017449 0.8677325149 0.0119564441
14.398798436 1.0487192225 14.7022784889 0.8677323572 0.0119588727
14.406379603 1.0487192318 14.7022554606 0.8677322017 0.0119612767
14.413960769 1.0487192409 14.7022326579 0.8677320484 0.0119636563
14.421541935 1.0487192501 14.7022100785 0.8677318973 0.0119660119
14.429123101 1.0487192592 14.7021877205 0.8677317484 0.0119683437
14.436704267 1.0487192683 14.7021655819 0.8677316016 0.0119706518
14.444285433 1.0487192774 14.7021436604 0.8677314568 0.0119729365
14.451866599 1.0487192864 14.7021219542 0.8677313141 0.0119751981
14.459447766 1.0487192954 14.7021004611 0.8677311735 0.0119774368
14.467028932 1.0487193043 14.7020791793 0.8677310348 0.0119796528
14.474610098 1.0487193132 14.7020581067 0.8677308982 0.0119818463
14.482191264 1.0487193221 14.7020372414 0.8677307634 0.0119840175
14.489772430 1.0487193309 14.7020165815 0.8677306306 0.0119861667
14.497353596 1.0487193398 14.7019961249 0.8677304997 0.0119882941
14.504934762 1.0487193485 14.7019758698 0.8677303707 0.0119903999
14.512515929 1.0487193573 14.7019558143 0.8677302435 0.0119924842
14.520097095 1.0487193660 14.7019359566 0.8677301181 0.0119945474
14.527678261 1.0487193746 14.7019162947 0.8677299945 0.0119965897
14.535259427 1.0487193833 14.7018968269 0.8677298726 0.0119986111
14.542840593 1.0487193919 14.7018775512 0.8677297525 0.0120006120
14.550421759 1.0487194004 14.7018584659 0.8677296342 0.0120025926
14.558002926 1.0487194090 14.7018395692 0.8677295175 0.0120045530
14.565584092 1.0487194175 14.7018208594 0.8677294025 0.0120064934
14.573165258 1.0487194259 14.7018023345 0.8677292891 0.0120084141
14.580746424 1.0487194344 14.7017839930 0.8677291774 0.0120103152
14.588327590 1.0487194428 14.7017658330 0.8677290673 0.0120121969
14.595908756 1.0487194511 14.7017478528 0.8677289587 0.0120140595
14.603489922 1.0487194595 14.7017300508 0.8677288517 0.0120159030
14.611071089 1.0487194678 14.7017124252 0.8677287463 0.0120177278
14.618652255 1.0487194760 14.7016949745 0.8677286424 0.0120195340
14.626233421 1.0487194843 14.7016776968 0.8677285399 0.0120213217
14.633814587 1.0487194925 14.7016605905 0.8677284390 0.0120230912
14.641395753 1.0487195007 14.7016436542 0.8677283394 0.0120248426
14.648976919 1.0487195088 14.7016268860 0.8677282414 0.0120265761
14.656558085 1.0487195169 14.7016102845 0.8677281447 0.0120282919
14.664139252 1.0487195250 14.7015938479 0.8677280494 0.0120299902
14.671720418 1.0487195330 14.7015775749 0.8677279555 0.0120316711
14.679301584 1.0487195410 14.7015614637 0.8677278630 0.0120333349
14.686882750 1.0487195490 14.7015455129 0.8677277718 0.0120349816
14.694463916 1.0487195570 14.7015297210 0.8677276819 0.0120366115
14.702045082 1.0487195649 14.7015140863 0.8677275933 0.0120382247
14.709626248 1.0487195728 14.7014986074 0.8677275060 0.0120398214
14.717207415 1.0487195806 14.7014832829 0.8677274200 0.0120414017
14.724788581 1.0487195884 14.7014681112 0.8677273352 0.0120429659
14.732369747 1.0487195962 14.7014530908 0.8677272517 0.0120445140
14.739950913 1.0487196040 14.7014382204 0.8677271693 0.0120460463
14.747532079 1.0487196117 14.7014234984 0.8677270882 0.0120475628
14.755113245 1.0487196194 14.7014089235 0.8677270082 0.0120490639
14.762694411 1.0487196271 14.7013944942 0.8677269294 0.0120505495
14.770275578 1.0487196347 14.7013802092 0.8677268518 0.0120520199
14.777856744 1.0487196423 14.7013660670 0.8677267752 0.0120534752
14.785437910 1.0487196499 14.7013520663 0.8677266998 0.0120549156
14.793019076 1.0487196575 14.7013382057 0.8677266255 0.0120563411
14.800600242 1.0487196650 14.7013244839 0.8677265523 0.0120577521
14.808181408 1.0487196725 14.7013108996 0.8677264801 0.0120591485
14.815762575 1.0487196799 14.7012974513 0.8677264090 0.0120605307
14.823343741 1.0487196873 14.7012841378 0.8677263390 0.0120618986
14.830924907 1.0487196947 14.7012709578 0.8677262699 0.0120632524
14.838506073 1.0487197021 14.7012579100 0.8677262019 0.0120645923
14.846087239 1.0487197095 14.7012449931 0.8677261349 0.0120659185
14.853668405 1.0487197168 14.7012322059 0.8677260688 0.0120672310
14.861249571 1.0487197241 14.7012195471 0.8677260038 0.0120685300
14.868830738 1.0487197313 14.7012070154 0.8677259396 0.0120698156
14.876411904 1.0487197385 14.7011946097 0.8677258765 0.0120710880
14.883993070 1.0487197457 14.7011823287 0.8677258142 0.0120723474
14.891574236 1.0487197529 14.7011701711 0.8677257529 0.0120735937
14.899155402 1.0487197600 14.7011581359 0.8677256925 0.0120748272
14.906736568 1.0487197671 14.7011462218 0.8677256329 0.0120760480
14.914317734 1.0487197742 14.7011344276 0.8677255743 0.0120772562
14.921898901 1.0487197813 14.7011227521 0.8677255165 0.0120784519
14.929480067 1.0487197883 14.7011111943 0.8677254596 0.0120796353
14.937061233 1.0487197953 14.7010997529 0.8677254035 0.0120808066
14.944642399 1.0487198023 14.7010884269 0.8677253482 0.0120819657
14.952223565 1.0487198092 14.7010772151 0.8677252938 0.0120831129
14.959804731 1.0487198161 14.7010661164 0.8677252401 0.0120842482
14.967385897 1.0487198230 14.7010551296 0.8677251873 0.0120853718
14.974967064 1.0487198299 14.7010442538 0.8677251353 0.0120864838
14.982548230 1.0487198367 14.7010334878 0.8677250840 0.0120875843
14.990129396 1.0487198435 14.7010228305 0.8677250335 0.0120886735
14.997710562 1.0487198503 14.7010122810 0.8677249837 0.0120897514
15.000000000 1.0486729256 14.7010078772 0.8676779713 0.0120900751
