3.880000000 0.4254700000 0.1427360000
3.890000000 0.4178907278 0.1440843021
3.890000000 0.4178907278 0.1440843021
3.900000000 0.4104617832 0.1453316167
3.900000000 0.4104617832 0.1453316167
3.910000000 0.4031785952 0.1464814090
3.910000000 0.4031785952 0.1464814090
3.920000000 0.3960368152 0.1475370314
3.920000000 0.3960368152 0.1475370314
3.930000000 0.3890323032 0.1485017277
3.930000000 0.3890323032 0.1485017277
3.940000000 0.3821611145 0.1493786379
3.940000000 0.3821611145 0.1493786379
3.950000000 0.3754194872 0.1501708013
3.950000000 0.3754194872 0.1501708013
3.960000000 0.3688038314 0.1508811608
3.960000000 0.3688038314 0.1508811608
3.970000000 0.3623107188 0.1515125663
3.970000000 0.3623107188 0.1515125663
3.980000000 0.3559368725 0.1520677780
3.980000000 0.3559368725 0.1520677780
3.990000000 0.3496791584 0.1525494698
3.990000000 0.3496791584 0.1525494698
4.000000000 0.3435345767 0.1529602323
