0.000000000 1.9300000000 1.0600000000
0.010000000 1.9310486765 1.0496457722
0.010000000 1.9310486765 1.0496457722
0.020000000 1.9317314011 1.0396488453
0.020000000 1.9317314011 1.0396488453
0.030000000 1.9320553529 1.0300056638
0.030000000 1.9320553529 1.0300056638
0.040000000 1.9320280994 1.0207122106
0.040000000 1.9320280994 1.0207122106
0.050000000 1.9316575529 1.0117640462
0.050000000 1.9316575529 1.0117640462
0.060000000 1.9309519283 1.0031563477
0.060000000 1.9309519283 1.0031563477
0.070000000 1.9299197021 0.9948839471
0.070000000 1.9299197021 0.9948839471
0.080000000 1.9285695728 0.9869413688
0.080000000 1.9285695728 0.9869413688
0.090000000 1.9269104225 0.9793228653
0.090000000 1.9269104225 0.9793228653
0.100000000 1.9249512806 0.9720224525
0.100000000 1.9249512806 0.9720224525
0.110000000 1.9227012887 0.9650339430
0.110000000 1.9227012887 0.9650339430
0.120000000 1.9201696684 0.9583509777
0.120000000 1.9201696684 0.9583509777
0.130000000 1.9173656898 0.9519670564
0.130000000 1.9173656898 0.9519670564
0.140000000 1.9142986431 0.9458755660
0.140000000 1.9142986431 0.9458755660
0.150000000 1.9109778119 0.9400698074
0.150000000 1.9109778119 0.9400698074
0.160000000 1.9074124478 0.9345430202
0.160000000 1.9074124478 0.9345430202
0.170000000 1.9036117481 0.9292884066
0.170000000 1.9036117481 0.9292884066
0.180000000 1.8995848349 0.9242991521
0.180000000 1.8995848349 0.9242991521
0.190000000 1.8953407361 0.9195684458
0.190000000 1.8953407361 0.9195684458
0.200000000 1.8908883683 0.9150894983
0.200000000 1.8908883683 0.9150894983
0.210000000 1.8862365216 0.9108555579
0.210000000 1.8862365216 0.9108555579
0.220000000 1.8813938460 0.9068599262
0.220000000 1.8813938460 0.9068599262
0.230000000 1.8763688397 0.9030959706
0.230000000 1.8763688397 0.9030959706
0.240000000 1.8711698384 0.8995571370
0.240000000 1.8711698384 0.8995571370
0.250000000 1.8658050063 0.8962369600
0.250000000 1.8658050063 0.8962369600
0.260000000 1.8602823291 0.8931290722
0.260000000 1.8602823291 0.8931290722
0.270000000 1.8546096072 0.8902272127
0.270000000 1.8546096072 0.8902272127
0.280000000 1.8487944505 0.8875252334
0.280000000 1.8487944505 0.8875252334
0.290000000 1.8428442752 0.8850171057
0.290000000 1.8428442752 0.8850171057
0.300000000 1.8367662996 0.8826969248
0.300000000 1.8367662996 0.8826969248
0.310000000 1.8305675431 0.8805589143
0.310000000 1.8305675431 0.8805589143
0.320000000 1.8242548245 0.8785974288
0.320000000 1.8242548245 0.8785974288
0.330000000 1.8178347615 0.8768069572
0.330000000 1.8178347615 0.8768069572
0.340000000 1.8113137710 0.8751821235
0.340000000 1.8113137710 0.8751821235
0.350000000 1.8046980701 0.8737176888
0.350000000 1.8046980701 0.8737176888
0.360000000 1.7979936773 0.8724085514
0.360000000 1.7979936773 0.8724085514
0.370000000 1.7912064147 0.8712497469
0.370000000 1.7912064147 0.8712497469
0.380000000 1.7843419100 0.8702364479
0.380000000 1.7843419100 0.8702364479
0.390000000 1.7774055994 0.8693639633
0.390000000 1.7774055994 0.8693639633
0.400000000 1.7704027308 0.8686277369
0.400000000 1.7704027308 0.8686277369
0.410000000 1.7633383670 0.8680233461
0.410000000 1.7633383670 0.8680233461
0.420000000 1.7562173892 0.8675464998
0.420000000 1.7562173892 0.8675464998
0.430000000 1.7490445012 0.8671930371
0.430000000 1.7490445012 0.8671930371
0.440000000 1.7418242328 0.8669589241
0.440000000 1.7418242328 0.8669589241
0.450000000 1.7345609444 0.8668402525
0.450000000 1.7345609444 0.8668402525
0.460000000 1.7272588311 0.8668332364
0.460000000 1.7272588311 0.8668332364
0.470000000 1.7199219266 0.8669342097
0.470000000 1.7199219266 0.8669342097
0.480000000 1.7125541081 0.8671396238
0.480000000 1.7125541081 0.8671396238
0.490000000 1.7051591006 0.8674460442
0.490000000 1.7051591006 0.8674460442
0.500000000 1.6977404807 0.8678501479
0.500000000 1.6977404807 0.8678501479
0.510000000 1.6903016818 0.8683487206
0.510000000 1.6903016818 0.8683487206
0.520000000 1.6828459979 0.8689386533
0.520000000 1.6828459979 0.8689386533
0.530000000 1.6753765882 0.8696169399
0.530000000 1.6753765882 0.8696169399
0.540000000 1.6678964813 0.8703806737
0.540000000 1.6678964813 0.8703806737
0.550000000 1.6604085796 0.8712270449
0.550000000 1.6604085796 0.8712270449
0.560000000 1.6529156630 0.8721533372
0.560000000 1.6529156630 0.8721533372
0.570000000 1.6454203937 0.8731569253
0.570000000 1.6454203937 0.8731569253
0.580000000 1.6379253197 0.8742352719
0.580000000 1.6379253197 0.8742352719
0.590000000 1.6304328788 0.8753859250
0.590000000 1.6304328788 0.8753859250
0.600000000 1.6229454028 0.8766065146
0.600000000 1.6229454028 0.8766065146
0.610000000 1.6154651209 0.8778947509
0.610000000 1.6154651209 0.8778947509
0.620000000 1.6079941633 0.8792484207
0.620000000 1.6079941633 0.8792484207
0.630000000 1.6005345652 0.8806653854
0.630000000 1.6005345652 0.8806653854
0.640000000 1.5930882701 0.8821435782
0.640000000 1.5930882701 0.8821435782
0.650000000 1.5856571328 0.8836810018
0.650000000 1.5856571328 0.8836810018
0.660000000 1.5782429234 0.8852757258
0.660000000 1.5782429234 0.8852757258
0.670000000 1.5708473297 0.8869258845
0.670000000 1.5708473297 0.8869258845
0.680000000 1.5634719608 0.8886296744
0.680000000 1.5634719608 0.8886296744
0.690000000 1.5561183500 0.8903853523
0.690000000 1.5561183500 0.8903853523
0.700000000 1.5487879577 0.8921912331
0.700000000 1.5487879577 0.8921912331
0.710000000 1.5414821739 0.8940456873
0.710000000 1.5414821739 0.8940456873
0.720000000 1.5342023213 0.8959471395
0.720000000 1.5342023213 0.8959471395
0.730000000 1.5269496577 0.8978940664
0.730000000 1.5269496577 0.8978940664
0.740000000 1.5197253785 0.8998849945
0.740000000 1.5197253785 0.8998849945
0.750000000 1.5125306194 0.9019184988
0.750000000 1.5125306194 0.9019184988
0.760000000 1.5053664581 0.9039932005
0.760000000 1.5053664581 0.9039932005
0.770000000 1.4982339175 0.9061077660
0.770000000 1.4982339175 0.9061077660
0.780000000 1.4911339671 0.9082609045
0.780000000 1.4911339671 0.9082609045
0.790000000 1.4840675254 0.9104513671
0.790000000 1.4840675254 0.9104513671
0.800000000 1.4770354619 0.9126779447
0.800000000 1.4770354619 0.9126779447
0.810000000 1.4700385991 0.9149394669
0.810000000 1.4700385991 0.9149394669
0.820000000 1.4630777142 0.9172348005
0.820000000 1.4630777142 0.9172348005
0.830000000 1.4561535411 0.9195628481
0.830000000 1.4561535411 0.9195628481
0.840000000 1.4492667722 0.9219225469
0.840000000 1.4492667722 0.9219225469
0.850000000 1.4424180597 0.9243128673
0.850000000 1.4424180597 0.9243128673
0.860000000 1.4356080174 0.9267328116
0.860000000 1.4356080174 0.9267328116
0.870000000 1.4288372227 0.9291814131
0.870000000 1.4288372227 0.9291814131
0.880000000 1.4221062170 0.9316577349
0.880000000 1.4221062170 0.9316577349
0.890000000 1.4154155085 0.9341608686
0.890000000 1.4154155085 0.9341608686
0.900000000 1.4087655723 0.9366899336
0.900000000 1.4087655723 0.9366899336
0.910000000 1.4021568526 0.9392440757
0.910000000 1.4021568526 0.9392440757
0.920000000 1.3955897634 0.9418224666
0.920000000 1.3955897634 0.9418224666
0.930000000 1.3890646903 0.9444243026
0.930000000 1.3890646903 0.9444243026
0.940000000 1.3825819910 0.9470488039
0.940000000 1.3825819910 0.9470488039
0.950000000 1.3761419970 0.9496952137
0.950000000 1.3761419970 0.9496952137
0.960000000 1.3697450143 0.9523627974
0.960000000 1.3697450143 0.9523627974
0.970000000 1.3633913246 0.9550508415
0.970000000 1.3633913246 0.9550508415
0.980000000 1.3570811863 0.9577586537
0.980000000 1.3570811863 0.9577586537
0.990000000 1.3508148354 0.9604855611
0.990000000 1.3508148354 0.9604855611
1.000000000 1.3445924864 0.9632309102
1.000000000 1.3445924864 0.9632309102
1.010000000 1.3384143334 0.9659940660
1.010000000 1.3384143334 0.9659940660
1.020000000 1.3322805506 0.9687744114
1.020000000 1.3322805506 0.9687744114
1.030000000 1.3261912933 0.9715713466
1.030000000 1.3261912933 0.9715713466
1.040000000 1.3201466988 0.9743842884
1.040000000 1.3201466988 0.9743842884
1.050000000 1.3141468869 0.9772126698
1.050000000 1.3141468869 0.9772126698
1.060000000 1.3081919608 0.9800559391
1.060000000 1.3081919608 0.9800559391
1.070000000 1.3022820076 0.9829135599
1.070000000 1.3022820076 0.9829135599
1.080000000 1.2964170994 0.9857850102
1.080000000 1.2964170994 0.9857850102
1.090000000 1.2905972934 0.9886697818
1.090000000 1.2905972934 0.9886697818
1.100000000 1.2848226328 0.9915673805
1.100000000 1.2848226328 0.9915673805
1.110000000 1.2790931473 0.9944773247
1.110000000 1.2790931473 0.9944773247
1.120000000 1.2734088538 0.9973991458
1.120000000 1.2734088538 0.9973991458
1.130000000 1.2677697569 1.0003323873
1.130000000 1.2677697569 1.0003323873
1.140000000 1.2621758493 1.0032766046
1.140000000 1.2621758493 1.0032766046
1.150000000 1.2566271123 1.0062313644
1.150000000 1.2566271123 1.0062313644
1.160000000 1.2511235165 1.0091962447
1.160000000 1.2511235165 1.0091962447
1.170000000 1.2456650221 1.0121708340
1.170000000 1.2456650221 1.0121708340
1.180000000 1.2402515793 1.0151547313
1.180000000 1.2402515793 1.0151547313
1.190000000 1.2348831288 1.0181475457
1.190000000 1.2348831288 1.0181475457
1.200000000 1.2295596024 1.0211488958
1.200000000 1.2295596024 1.0211488958
1.210000000 1.2242809231 1.0241584099
1.210000000 1.2242809231 1.0241584099
1.220000000 1.2190470054 1.0271757252
1.220000000 1.2190470054 1.0271757252
1.230000000 1.2138577561 1.0302004879
1.230000000 1.2138577561 1.0302004879
1.240000000 1.2087130743 1.0332323526
1.240000000 1.2087130743 1.0332323526
1.250000000 1.2036128520 1.0362709823
1.250000000 1.2036128520 1.0362709823
1.260000000 1.1985569740 1.0393160481
1.260000000 1.1985569740 1.0393160481
1.270000000 1.1935453186 1.0423672287
1.270000000 1.1935453186 1.0423672287
1.280000000 1.1885777580 1.0454242107
1.280000000 1.1885777580 1.0454242107
1.290000000 1.1836541580 1.0484866877
1.290000000 1.1836541580 1.0484866877
1.300000000 1.1787743789 1.0515543605
1.300000000 1.1787743789 1.0515543605
1.310000000 1.1739382755 1.0546269370
1.310000000 1.1739382755 1.0546269370
1.320000000 1.1691456972 1.0577041316
1.320000000 1.1691456972 1.0577041316
1.330000000 1.1643964887 1.0607856653
1.330000000 1.1643964887 1.0607856653
1.340000000 1.1596904897 1.0638712654
1.340000000 1.1596904897 1.0638712654
1.350000000 1.1550275355 1.0669606652
1.350000000 1.1550275355 1.0669606652
1.360000000 1.1504074572 1.0700536041
1.360000000 1.1504074572 1.0700536041
1.370000000 1.1458300818 1.0731498275
1.370000000 1.1458300818 1.0731498275
1.380000000 1.1412952321 1.0762490859
1.380000000 1.1412952321 1.0762490859
1.390000000 1.1368027278 1.0793511357
1.390000000 1.1368027278 1.0793511357
1.400000000 1.1323523845 1.0824557384
1.400000000 1.1323523845 1.0824557384
1.410000000 1.1279440151 1.0855626607
1.410000000 1.1279440151 1.0855626607
1.420000000 1.1235774289 1.0886716744
1.420000000 1.1235774289 1.0886716744
1.430000000 1.1192524324 1.0917825562
1.430000000 1.1192524324 1.0917825562
1.440000000 1.1149688294 1.0948950873
1.440000000 1.1149688294 1.0948950873
1.450000000 1.1107264210 1.0980090537
1.450000000 1.1107264210 1.0980090537
1.460000000 1.1065250057 1.1011242459
1.460000000 1.1065250057 1.1011242459
1.470000000 1.1023643799 1.1042404588
1.470000000 1.1023643799 1.1042404588
1.480000000 1.0982443374 1.1073574913
1.480000000 1.0982443374 1.1073574913
1.490000000 1.0941646704 1.1104751468
1.490000000 1.0941646704 1.1104751468
1.500000000 1.0901251689 1.1135932325
1.500000000 1.0901251689 1.1135932325
1.510000000 1.0861256211 1.1167115596
1.510000000 1.0861256211 1.1167115596
1.520000000 1.0821658136 1.1198299430
1.520000000 1.0821658136 1.1198299430
1.530000000 1.0782455313 1.1229482014
1.530000000 1.0782455313 1.1229482014
1.540000000 1.0743645578 1.1260661572
1.540000000 1.0743645578 1.1260661572
1.550000000 1.0705226751 1.1291836361
1.550000000 1.0705226751 1.1291836361
1.560000000 1.0667196642 1.1323004676
1.560000000 1.0667196642 1.1323004676
1.570000000 1.0629553049 1.1354164842
1.570000000 1.0629553049 1.1354164842
1.580000000 1.0592293759 1.1385315217
1.580000000 1.0592293759 1.1385315217
1.590000000 1.0555416549 1.1416454194
1.590000000 1.0555416549 1.1416454194
1.600000000 1.0518919188 1.1447580192
1.600000000 1.0518919188 1.1447580192
1.610000000 1.0482799436 1.1478691664
1.610000000 1.0482799436 1.1478691664
1.620000000 1.0447055049 1.1509787091
1.620000000 1.0447055049 1.1509787091
1.630000000 1.0411683773 1.1540864983
1.630000000 1.0411683773 1.1540864983
1.640000000 1.0376683351 1.1571923877
1.640000000 1.0376683351 1.1571923877
1.650000000 1.0342051521 1.1602962339
1.650000000 1.0342051521 1.1602962339
1.660000000 1.0307786017 1.1633978959
1.660000000 1.0307786017 1.1633978959
1.670000000 1.0273884569 1.1664972357
1.670000000 1.0273884569 1.1664972357
1.680000000 1.0240344906 1.1695941173
1.680000000 1.0240344906 1.1695941173
1.690000000 1.0207164753 1.1726884076
1.690000000 1.0207164753 1.1726884076
1.700000000 1.0174341837 1.1757799757
1.700000000 1.0174341837 1.1757799757
1.710000000 1.0141873880 1.1788686930
1.710000000 1.0141873880 1.1788686930
1.720000000 1.0109758607 1.1819544333
1.720000000 1.0109758607 1.1819544333
1.730000000 1.0077993742 1.1850370727
1.730000000 1.0077993742 1.1850370727
1.740000000 1.0046577012 1.1881164892
1.740000000 1.0046577012 1.1881164892
1.750000000 1.0015506144 1.1911925632
1.750000000 1.0015506144 1.1911925632
1.760000000 0.9984778866 1.1942651770
1.760000000 0.9984778866 1.1942651770
1.770000000 0.9954392911 1.1973342150
1.770000000 0.9954392911 1.1973342150
1.780000000 0.9924346013 1.2003995635
1.780000000 0.9924346013 1.2003995635
1.790000000 0.9894635910 1.2034611108
1.790000000 0.9894635910 1.2034611108
1.800000000 0.9865260345 1.2065187470
1.800000000 0.9865260345 1.2065187470
1.810000000 0.9836217063 1.2095723640
1.810000000 0.9836217063 1.2095723640
1.820000000 0.9807503816 1.2126218557
1.820000000 0.9807503816 1.2126218557
1.830000000 0.9779118360 1.2156671174
1.830000000 0.9779118360 1.2156671174
1.840000000 0.9751058456 1.2187080464
1.840000000 0.9751058456 1.2187080464
1.850000000 0.9723321872 1.2217445415
1.850000000 0.9723321872 1.2217445415
1.860000000 0.9695906381 1.2247765032
1.860000000 0.9695906381 1.2247765032
1.870000000 0.9668809763 1.2278038334
1.870000000 0.9668809763 1.2278038334
1.880000000 0.9642029806 1.2308264357
1.880000000 0.9642029806 1.2308264357
1.890000000 0.9615564302 1.2338442151
1.890000000 0.9615564302 1.2338442151
1.900000000 0.9589411053 1.2368570782
1.900000000 0.9589411053 1.2368570782
1.910000000 0.9563567869 1.2398649329
1.910000000 0.9563567869 1.2398649329
1.920000000 0.9538032566 1.2428676886
1.920000000 0.9538032566 1.2428676886
1.930000000 0.9512802969 1.2458652559
1.930000000 0.9512802969 1.2458652559
1.940000000 0.9487876913 1.2488575467
1.940000000 0.9487876913 1.2488575467
1.950000000 0.9463252240 1.2518444745
1.950000000 0.9463252240 1.2518444745
1.960000000 0.9438926801 1.2548259537
1.960000000 0.9438926801 1.2548259537
1.970000000 0.9414898457 1.2578019002
1.970000000 0.9414898457 1.2578019002
1.980000000 0.9391165078 1.2607722308
1.980000000 0.9391165078 1.2607722308
1.990000000 0.9367724544 1.2637368637
1.990000000 0.9367724544 1.2637368637
2.000000000 0.9344574743 1.2666957183
2.000000000 0.9344574743 1.2666957183
2.010000000 0.9321713577 1.2696487147
2.010000000 0.9321713577 1.2696487147
2.020000000 0.9299138954 1.2725957745
2.020000000 0.9299138954 1.2725957745
2.030000000 0.9276848794 1.2755368202
2.030000000 0.9276848794 1.2755368202
2.040000000 0.9254841029 1.2784717753
2.040000000 0.9254841029 1.2784717753
2.050000000 0.9233113598 1.2814005643
2.050000000 0.9233113598 1.2814005643
2.060000000 0.9211664455 1.2843231127
2.060000000 0.9211664455 1.2843231127
2.070000000 0.9190491562 1.2872393469
2.070000000 0.9190491562 1.2872393469
2.080000000 0.9169592894 1.2901491943
2.080000000 0.9169592894 1.2901491943
2.090000000 0.9148966436 1.2930525830
2.090000000 0.9148966436 1.2930525830
2.100000000 0.9128610185 1.2959494423
2.100000000 0.9128610185 1.2959494423
2.110000000 0.9108522149 1.2988397020
2.110000000 0.9108522149 1.2988397020
2.120000000 0.9088700348 1.3017232929
2.120000000 0.9088700348 1.3017232929
2.130000000 0.9069142813 1.3046001468
2.130000000 0.9069142813 1.3046001468
2.140000000 0.9049847589 1.3074701958
2.140000000 0.9049847589 1.3074701958
2.150000000 0.9030812729 1.3103333732
2.150000000 0.9030812729 1.3103333732
2.160000000 0.9012036303 1.3131896128
2.160000000 0.9012036303 1.3131896128
2.170000000 0.8993516388 1.3160388492
2.170000000 0.8993516388 1.3160388492
2.180000000 0.8975251077 1.3188810177
2.180000000 0.8975251077 1.3188810177
2.190000000 0.8957238473 1.3217160543
2.190000000 0.8957238473 1.3217160543
2.200000000 0.8939476692 1.3245438956
2.200000000 0.8939476692 1.3245438956
2.210000000 0.8921963863 1.3273644789
2.210000000 0.8921963863 1.3273644789
2.220000000 0.8904698127 1.3301777421
2.220000000 0.8904698127 1.3301777421
2.230000000 0.8887677637 1.3329836236
2.230000000 0.8887677637 1.3329836236
2.240000000 0.8870900558 1.3357820625
2.240000000 0.8870900558 1.3357820625
2.250000000 0.8854365070 1.3385729986
2.250000000 0.8854365070 1.3385729986
2.260000000 0.8838069363 1.3413563720
2.260000000 0.8838069363 1.3413563720
2.270000000 0.8822011641 1.3441321234
2.270000000 0.8822011641 1.3441321234
2.280000000 0.8806190121 1.3469001942
2.280000000 0.8806190121 1.3469001942
2.290000000 0.8790603032 1.3496605260
2.290000000 0.8790603032 1.3496605260
2.300000000 0.8775248615 1.3524130612
2.300000000 0.8775248615 1.3524130612
2.310000000 0.8760125125 1.3551577425
2.310000000 0.8760125125 1.3551577425
2.320000000 0.8745230830 1.3578945130
2.320000000 0.8745230830 1.3578945130
2.330000000 0.8730564011 1.3606233164
2.330000000 0.8730564011 1.3606233164
2.340000000 0.8716122959 1.3633440968
2.340000000 0.8716122959 1.3633440968
2.350000000 0.8701905982 1.3660567987
2.350000000 0.8701905982 1.3660567987
2.360000000 0.8687911398 1.3687613668
2.360000000 0.8687911398 1.3687613668
2.370000000 0.8674137539 1.3714577466
2.370000000 0.8674137539 1.3714577466
2.380000000 0.8660582749 1.3741458836
2.380000000 0.8660582749 1.3741458836
2.390000000 0.8647245386 1.3768257239
2.390000000 0.8647245386 1.3768257239
2.400000000 0.8634123820 1.3794972138
2.400000000 0.8634123820 1.3794972138
2.410000000 0.8621216434 1.3821603000
2.410000000 0.8621216434 1.3821603000
2.420000000 0.8608521625 1.3848149296
2.420000000 0.8608521625 1.3848149296
2.430000000 0.8596037801 1.3874610499
2.430000000 0.8596037801 1.3874610499
2.440000000 0.8583763383 1.3900986084
2.440000000 0.8583763383 1.3900986084
2.450000000 0.8571696806 1.3927275533
2.450000000 0.8571696806 1.3927275533
2.460000000 0.8559836517 1.3953478327
2.460000000 0.8559836517 1.3953478327
2.470000000 0.8548180976 1.3979593950
2.470000000 0.8548180976 1.3979593950
2.480000000 0.8536728656 1.4005621891
2.480000000 0.8536728656 1.4005621891
2.490000000 0.8525478041 1.4031561639
2.490000000 0.8525478041 1.4031561639
2.500000000 0.8514427631 1.4057412687
2.500000000 0.8514427631 1.4057412687
2.510000000 0.8503575936 1.4083174530
2.510000000 0.8503575936 1.4083174530
2.520000000 0.8492921478 1.4108846664
2.520000000 0.8492921478 1.4108846664
2.530000000 0.8482462794 1.4134428589
2.530000000 0.8482462794 1.4134428589
2.540000000 0.8472198432 1.4159919806
2.540000000 0.8472198432 1.4159919806
2.550000000 0.8462126954 1.4185319818
2.550000000 0.8462126954 1.4185319818
2.560000000 0.8452246932 1.4210628129
2.560000000 0.8452246932 1.4210628129
2.570000000 0.8442556952 1.4235844248
2.570000000 0.8442556952 1.4235844248
2.580000000 0.8433055612 1.4260967681
2.580000000 0.8433055612 1.4260967681
2.590000000 0.8423741523 1.4285997940
2.590000000 0.8423741523 1.4285997940
2.600000000 0.8414613308 1.4310934535
2.600000000 0.8414613308 1.4310934535
2.610000000 0.8405669601 1.4335776980
2.610000000 0.8405669601 1.4335776980
2.620000000 0.8396909051 1.4360524790
2.620000000 0.8396909051 1.4360524790
2.630000000 0.8388330315 1.4385177480
2.630000000 0.8388330315 1.4385177480
2.640000000 0.8379932065 1.4409734567
2.640000000 0.8379932065 1.4409734567
2.650000000 0.8371712986 1.4434195570
2.650000000 0.8371712986 1.4434195570
2.660000000 0.8363671772 1.4458560008
2.660000000 0.8363671772 1.4458560008
2.670000000 0.8355807131 1.4482827401
2.670000000 0.8355807131 1.4482827401
2.680000000 0.8348117781 1.4506997272
2.680000000 0.8348117781 1.4506997272
2.690000000 0.8340602455 1.4531069142
2.690000000 0.8340602455 1.4531069142
2.700000000 0.8333259893 1.4555042535
2.700000000 0.8333259893 1.4555042535
2.710000000 0.8326088852 1.4578916975
2.710000000 0.8326088852 1.4578916975
2.720000000 0.8319088097 1.4602691987
2.720000000 0.8319088097 1.4602691987
2.730000000 0.8312256405 1.4626367097
2.730000000 0.8312256405 1.4626367097
2.740000000 0.8305592565 1.4649941831
2.740000000 0.8305592565 1.4649941831
2.750000000 0.8299095379 1.4673415716
2.750000000 0.8299095379 1.4673415716
2.760000000 0.8292763657 1.4696788280
2.760000000 0.8292763657 1.4696788280
2.770000000 0.8286596223 1.4720059051
2.770000000 0.8286596223 1.4720059051
2.780000000 0.8280591911 1.4743227557
2.780000000 0.8280591911 1.4743227557
2.790000000 0.8274749567 1.4766293329
2.790000000 0.8274749567 1.4766293329
2.800000000 0.8269068046 1.4789255895
2.800000000 0.8269068046 1.4789255895
2.810000000 0.8263546217 1.4812114785
2.810000000 0.8263546217 1.4812114785
2.820000000 0.8258182958 1.4834869530
2.820000000 0.8258182958 1.4834869530
2.830000000 0.8252977159 1.4857519660
2.830000000 0.8252977159 1.4857519660
2.840000000 0.8247927718 1.4880064706
2.840000000 0.8247927718 1.4880064706
2.850000000 0.8243033547 1.4902504199
2.850000000 0.8243033547 1.4902504199
2.860000000 0.8238293568 1.4924837671
2.860000000 0.8238293568 1.4924837671
2.870000000 0.8233706712 1.4947064653
2.870000000 0.8233706712 1.4947064653
2.880000000 0.8229271921 1.4969184677
2.880000000 0.8229271921 1.4969184677
2.890000000 0.8224988149 1.4991197274
2.890000000 0.8224988149 1.4991197274
2.900000000 0.8220854358 1.5013101977
2.900000000 0.8220854358 1.5013101977
2.910000000 0.8216869522 1.5034898317
2.910000000 0.8216869522 1.5034898317
2.920000000 0.8213032625 1.5056585827
2.920000000 0.8213032625 1.5056585827
2.930000000 0.8209342659 1.5078164038
2.930000000 0.8209342659 1.5078164038
2.940000000 0.8205798628 1.5099632483
2.940000000 0.8205798628 1.5099632483
2.950000000 0.8202399547 1.5120990694
2.950000000 0.8202399547 1.5120990694
2.960000000 0.8199144437 1.5142238204
2.960000000 0.8199144437 1.5142238204
2.970000000 0.8196032333 1.5163374543
2.970000000 0.8196032333 1.5163374543
2.980000000 0.8193062276 1.5184399244
2.980000000 0.8193062276 1.5184399244
2.990000000 0.8190233320 1.5205311840
2.990000000 0.8190233320 1.5205311840
3.000000000 0.8187544525 1.5226111862
3.000000000 0.8187544525 1.5226111862
3.010000000 0.8184994963 1.5246798842
3.010000000 0.8184994963 1.5246798842
3.020000000 0.8182583715 1.5267372312
3.020000000 0.8182583715 1.5267372312
3.030000000 0.8180309870 1.5287831803
3.030000000 0.8180309870 1.5287831803
3.040000000 0.8178172527 1.5308176848
3.040000000 0.8178172527 1.5308176848
3.050000000 0.8176170793 1.5328406977
3.050000000 0.8176170793 1.5328406977
3.060000000 0.8174303787 1.5348521723
3.060000000 0.8174303787 1.5348521723
3.070000000 0.8172570633 1.5368520616
3.070000000 0.8172570633 1.5368520616
3.080000000 0.8170970466 1.5388403188
3.080000000 0.8170970466 1.5388403188
3.090000000 0.8169502429 1.5408168970
3.090000000 0.8169502429 1.5408168970
3.100000000 0.8168165675 1.5427817492
3.100000000 0.8168165675 1.5427817492
3.110000000 0.8166959364 1.5447348287
3.110000000 0.8166959364 1.5447348287
3.120000000 0.8165882664 1.5466760884
3.120000000 0.8165882664 1.5466760884
3.130000000 0.8164934753 1.5486054815
3.130000000 0.8164934753 1.5486054815
3.140000000 0.8164114816 1.5505229610
3.140000000 0.8164114816 1.5505229610
3.150000000 0.8163422048 1.5524284800
3.150000000 0.8163422048 1.5524284800
3.160000000 0.8162855649 1.5543219916
3.160000000 0.8162855649 1.5543219916
3.170000000 0.8162414829 1.5562034487
3.170000000 0.8162414829 1.5562034487
3.180000000 0.8162098806 1.5580728045
3.180000000 0.8162098806 1.5580728045
3.190000000 0.8161906806 1.5599300120
3.190000000 0.8161906806 1.5599300120
3.200000000 0.8161838062 1.5617750243
3.200000000 0.8161838062 1.5617750243
3.210000000 0.8161891814 1.5636077943
3.210000000 0.8161891814 1.5636077943
3.220000000 0.8162067310 1.5654282752
3.220000000 0.8162067310 1.5654282752
3.230000000 0.8162363807 1.5672364200
3.230000000 0.8162363807 1.5672364200
3.240000000 0.8162780567 1.5690321818
3.240000000 0.8162780567 1.5690321818
3.250000000 0.8163316861 1.5708155137
3.250000000 0.8163316861 1.5708155137
3.260000000 0.8163971966 1.5725863686
3.260000000 0.8163971966 1.5725863686
3.270000000 0.8164745167 1.5743446998
3.270000000 0.8164745167 1.5743446998
3.280000000 0.8165635755 1.5760904603
3.280000000 0.8165635755 1.5760904603
3.290000000 0.8166643028 1.5778236033
3.290000000 0.8166643028 1.5778236033
3.300000000 0.8167766292 1.5795440819
3.300000000 0.8167766292 1.5795440819
3.310000000 0.8169004858 1.5812518493
3.310000000 0.8169004858 1.5812518493
3.320000000 0.8170358045 1.5829468587
3.320000000 0.8170358045 1.5829468587
3.330000000 0.8171825177 1.5846290633
3.330000000 0.8171825177 1.5846290633
3.340000000 0.8173405586 1.5862984164
3.340000000 0.8173405586 1.5862984164
3.350000000 0.8175098610 1.5879548713
3.350000000 0.8175098610 1.5879548713
3.360000000 0.8176903592 1.5895983813
3.360000000 0.8176903592 1.5895983813
3.370000000 0.8178819881 1.5912288999
3.370000000 0.8178819881 1.5912288999
3.380000000 0.8180846835 1.5928463804
3.380000000 0.8180846835 1.5928463804
3.390000000 0.8182983814 1.5944507763
3.390000000 0.8182983814 1.5944507763
3.400000000 0.8185230186 1.5960420412
3.400000000 0.8185230186 1.5960420412
3.410000000 0.8187585324 1.5976201286
3.410000000 0.8187585324 1.5976201286
3.420000000 0.8190048608 1.5991849923
3.420000000 0.8190048608 1.5991849923
3.430000000 0.8192619421 1.6007365859
3.430000000 0.8192619421 1.6007365859
3.440000000 0.8195297153 1.6022748632
3.440000000 0.8195297153 1.6022748632
3.450000000 0.8198081201 1.6037997782
3.450000000 0.8198081201 1.6037997782
3.460000000 0.8200970963 1.6053112847
3.460000000 0.8200970963 1.6053112847
3.470000000 0.8203965845 1.6068093368
3.470000000 0.8203965845 1.6068093368
3.480000000 0.8207065258 1.6082938886
3.480000000 0.8207065258 1.6082938886
3.490000000 0.8210268617 1.6097648943
3.490000000 0.8210268617 1.6097648943
3.500000000 0.8213575343 1.6112223084
3.500000000 0.8213575343 1.6112223084
3.510000000 0.8216984860 1.6126660851
3.510000000 0.8216984860 1.6126660851
3.520000000 0.8220496598 1.6140961791
3.520000000 0.8220496598 1.6140961791
3.530000000 0.8224109991 1.6155125450
3.530000000 0.8224109991 1.6155125450
3.540000000 0.8227824477 1.6169151375
3.540000000 0.8227824477 1.6169151375
3.550000000 0.8231639499 1.6183039117
3.550000000 0.8231639499 1.6183039117
3.560000000 0.8235554505 1.6196788224
3.560000000 0.8235554505 1.6196788224
3.570000000 0.8239568944 1.6210398250
3.570000000 0.8239568944 1.6210398250
3.580000000 0.8243682273 1.6223868747
3.580000000 0.8243682273 1.6223868747
3.590000000 0.8247893951 1.6237199270
3.590000000 0.8247893951 1.6237199270
3.600000000 0.8252203439 1.6250389376
3.600000000 0.8252203439 1.6250389376
3.610000000 0.8256610205 1.6263438623
3.610000000 0.8256610205 1.6263438623
3.620000000 0.8261113718 1.6276346570
3.620000000 0.8261113718 1.6276346570
3.630000000 0.8265713453 1.6289112780
3.630000000 0.8265713453 1.6289112780
3.640000000 0.8270408886 1.6301736815
3.640000000 0.8270408886 1.6301736815
3.650000000 0.8275199498 1.6314218240
3.650000000 0.8275199498 1.6314218240
3.660000000 0.8280084771 1.6326556625
3.660000000 0.8280084771 1.6326556625
3.670000000 0.8285064192 1.6338751537
3.670000000 0.8285064192 1.6338751537
3.680000000 0.8290137251 1.6350802548
3.680000000 0.8290137251 1.6350802548
3.690000000 0.8295303440 1.6362709233
3.690000000 0.8295303440 1.6362709233
3.700000000 0.8300562255 1.6374471167
3.700000000 0.8300562255 1.6374471167
3.710000000 0.8305913191 1.6386087930
3.710000000 0.8305913191 1.6386087930
3.720000000 0.8311355751 1.6397559101
3.720000000 0.8311355751 1.6397559101
3.730000000 0.8316889437 1.6408884266
3.730000000 0.8316889437 1.6408884266
3.740000000 0.8322513753 1.6420063009
3.740000000 0.8322513753 1.6420063009
3.750000000 0.8328228206 1.6431094921
3.750000000 0.8328228206 1.6431094921
3.760000000 0.8334032307 1.6441979592
3.760000000 0.8334032307 1.6441979592
3.770000000 0.8339925566 1.6452716618
3.770000000 0.8339925566 1.6452716618
3.780000000 0.8345907496 1.6463305595
3.780000000 0.8345907496 1.6463305595
3.790000000 0.8351977613 1.6473746126
3.790000000 0.8351977613 1.6473746126
3.800000000 0.8358135433 1.6484037814
3.800000000 0.8358135433 1.6484037814
3.810000000 0.8364380475 1.6494180265
3.810000000 0.8364380475 1.6494180265
3.820000000 0.8370712257 1.6504173091
3.820000000 0.8370712257 1.6504173091
3.830000000 0.8377130301 1.6514015906
3.830000000 0.8377130301 1.6514015906
3.840000000 0.8383634130 1.6523708327
3.840000000 0.8383634130 1.6523708327
3.850000000 0.8390223266 1.6533249975
3.850000000 0.8390223266 1.6533249975
3.860000000 0.8396897233 1.6542640475
3.860000000 0.8396897233 1.6542640475
3.870000000 0.8403655558 1.6551879456
3.870000000 0.8403655558 1.6551879456
3.880000000 0.8410497766 1.6560966552
3.880000000 0.8410497766 1.6560966552
3.890000000 0.8417423384 1.6569901397
3.890000000 0.8417423384 1.6569901397
3.900000000 0.8424431939 1.6578683635
3.900000000 0.8424431939 1.6578683635
3.910000000 0.8431522958 1.6587312909
3.910000000 0.8431522958 1.6587312909
3.920000000 0.8438695971 1.6595788871
3.920000000 0.8438695971 1.6595788871
3.930000000 0.8445950504 1.6604111173
3.930000000 0.8445950504 1.6604111173
3.940000000 0.8453286087 1.6612279474
3.940000000 0.8453286087 1.6612279474
3.950000000 0.8460702247 1.6620293439
3.950000000 0.8460702247 1.6620293439
3.960000000 0.8468198514 1.6628152735
3.960000000 0.8468198514 1.6628152735
3.970000000 0.8475774415 1.6635857036
3.970000000 0.8475774415 1.6635857036
3.980000000 0.8483429477 1.6643406020
3.980000000 0.8483429477 1.6643406020
3.990000000 0.8491163228 1.6650799370
3.990000000 0.8491163228 1.6650799370
4.000000000 0.8498975195 1.6658036776
4.000000000 0.8498975195 1.6658036776
4.010000000 0.8506864903 1.6665117932
4.010000000 0.8506864903 1.6665117932
4.020000000 0.8514831878 1.6672042538
4.020000000 0.8514831878 1.6672042538
4.030000000 0.8522875643 1.6678810299
4.030000000 0.8522875643 1.6678810299
4.040000000 0.8530995722 1.6685420927
4.040000000 0.8530995722 1.6685420927
4.050000000 0.8539191636 1.6691874138
4.050000000 0.8539191636 1.6691874138
4.060000000 0.8547462907 1.6698169657
4.060000000 0.8547462907 1.6698169657
4.070000000 0.8555809054 1.6704307213
4.070000000 0.8555809054 1.6704307213
4.080000000 0.8564229594 1.6710286542
4.080000000 0.8564229594 1.6710286542
4.090000000 0.8572724043 1.6716107386
4.090000000 0.8572724043 1.6716107386
4.100000000 0.8581291917 1.6721769493
4.100000000 0.8581291917 1.6721769493
4.110000000 0.8589932727 1.6727272621
4.110000000 0.8589932727 1.6727272621
4.120000000 0.8598645983 1.6732616531
4.120000000 0.8598645983 1.6732616531
4.130000000 0.8607431196 1.6737800992
4.130000000 0.8607431196 1.6737800992
4.140000000 0.8616287869 1.6742825783
4.140000000 0.8616287869 1.6742825783
4.150000000 0.8625215509 1.6747690685
4.150000000 0.8625215509 1.6747690685
4.160000000 0.8634213615 1.6752395492
4.160000000 0.8634213615 1.6752395492
4.170000000 0.8643281687 1.6756940001
4.170000000 0.8643281687 1.6756940001
4.180000000 0.8652419221 1.6761324021
4.180000000 0.8652419221 1.6761324021
4.190000000 0.8661625710 1.6765547364
4.190000000 0.8661625710 1.6765547364
4.200000000 0.8670900645 1.6769609854
4.200000000 0.8670900645 1.6769609854
4.210000000 0.8680243513 1.6773511321
4.210000000 0.8680243513 1.6773511321
4.220000000 0.8689653799 1.6777251605
4.220000000 0.8689653799 1.6777251605
4.230000000 0.8699130983 1.6780830553
4.230000000 0.8699130983 1.6780830553
4.240000000 0.8708674542 1.6784248021
4.240000000 0.8708674542 1.6784248021
4.250000000 0.8718283952 1.6787503874
4.250000000 0.8718283952 1.6787503874
4.260000000 0.8727958681 1.6790597985
4.260000000 0.8727958681 1.6790597985
4.270000000 0.8737698198 1.6793530238
4.270000000 0.8737698198 1.6793530238
4.280000000 0.8747501964 1.6796300524
4.280000000 0.8747501964 1.6796300524
4.290000000 0.8757369439 1.6798908745
4.290000000 0.8757369439 1.6798908745
4.300000000 0.8767300077 1.6801354812
4.300000000 0.8767300077 1.6801354812
4.310000000 0.8777293329 1.6803638645
4.310000000 0.8777293329 1.6803638645
4.320000000 0.8787348641 1.6805760174
4.320000000 0.8787348641 1.6805760174
4.330000000 0.8797465455 1.6807719341
4.330000000 0.8797465455 1.6807719341
4.340000000 0.8807643207 1.6809516096
4.340000000 0.8807643207 1.6809516096
4.350000000 0.8817881331 1.6811150400
4.350000000 0.8817881331 1.6811150400
4.360000000 0.8828179254 1.6812622224
4.360000000 0.8828179254 1.6812622224
4.370000000 0.8838536398 1.6813931550
4.370000000 0.8838536398 1.6813931550
4.380000000 0.8848952183 1.6815078371
4.380000000 0.8848952183 1.6815078371
4.390000000 0.8859426020 1.6816062691
4.390000000 0.8859426020 1.6816062691
4.400000000 0.8869957317 1.6816884526
4.400000000 0.8869957317 1.6816884526
4.410000000 0.8880545475 1.6817543900
4.410000000 0.8880545475 1.6817543900
4.420000000 0.8891189893 1.6818040852
4.420000000 0.8891189893 1.6818040852
4.430000000 0.8901889960 1.6818375432
4.430000000 0.8901889960 1.6818375432
4.440000000 0.8912645063 1.6818547699
4.440000000 0.8912645063 1.6818547699
4.450000000 0.8923454581 1.6818557728
4.450000000 0.8923454581 1.6818557728
4.460000000 0.8934317887 1.6818405604
4.460000000 0.8934317887 1.6818405604
4.470000000 0.8945234351 1.6818091424
4.470000000 0.8945234351 1.6818091424
4.480000000 0.8956203332 1.6817615297
4.480000000 0.8956203332 1.6817615297
4.490000000 0.8967224188 1.6816977347
4.490000000 0.8967224188 1.6816977347
4.500000000 0.8978296267 1.6816177708
4.500000000 0.8978296267 1.6816177708
4.510000000 0.8989418912 1.6815216529
4.510000000 0.8989418912 1.6815216529
4.520000000 0.9000591459 1.6814093971
4.520000000 0.9000591459 1.6814093971
4.530000000 0.9011813239 1.6812810208
4.530000000 0.9011813239 1.6812810208
4.540000000 0.9023083575 1.6811365429
4.540000000 0.9023083575 1.6811365429
4.550000000 0.9034401782 1.6809759834
4.550000000 0.9034401782 1.6809759834
4.560000000 0.9045767171 1.6807993640
4.560000000 0.9045767171 1.6807993640
4.570000000 0.9057179044 1.6806067074
4.570000000 0.9057179044 1.6806067074
4.580000000 0.9068636696 1.6803980381
4.580000000 0.9068636696 1.6803980381
4.590000000 0.9080139416 1.6801733818
4.590000000 0.9080139416 1.6801733818
4.600000000 0.9091686486 1.6799327655
4.600000000 0.9091686486 1.6799327655
4.610000000 0.9103277178 1.6796762181
4.610000000 0.9103277178 1.6796762181
4.620000000 0.9114910760 1.6794037695
4.620000000 0.9114910760 1.6794037695
4.630000000 0.9126586490 1.6791154513
4.630000000 0.9126586490 1.6791154513
4.640000000 0.9138303620 1.6788112967
4.640000000 0.9138303620 1.6788112967
4.650000000 0.9150061394 1.6784913401
4.650000000 0.9150061394 1.6784913401
4.660000000 0.9161859049 1.6781556177
4.660000000 0.9161859049 1.6781556177
4.670000000 0.9173695812 1.6778041672
4.670000000 0.9173695812 1.6778041672
4.680000000 0.9185570904 1.6774370278
4.680000000 0.9185570904 1.6774370278
4.690000000 0.9197483538 1.6770542403
4.690000000 0.9197483538 1.6770542403
4.700000000 0.9209432918 1.6766558470
4.700000000 0.9209432918 1.6766558470
4.710000000 0.9221418243 1.6762418920
4.710000000 0.9221418243 1.6762418920
4.720000000 0.9233438699 1.6758124208
4.720000000 0.9233438699 1.6758124208
4.730000000 0.9245493469 1.6753674806
4.730000000 0.9245493469 1.6753674806
4.740000000 0.9257581723 1.6749071203
4.740000000 0.9257581723 1.6749071203
4.750000000 0.9269702627 1.6744313904
4.750000000 0.9269702627 1.6744313904
4.760000000 0.9281855337 1.6739403431
4.760000000 0.9281855337 1.6739403431
4.770000000 0.9294038999 1.6734340322
4.770000000 0.9294038999 1.6734340322
4.780000000 0.9306252753 1.6729125134
4.780000000 0.9306252753 1.6729125134
4.790000000 0.9318495731 1.6723758438
4.790000000 0.9318495731 1.6723758438
4.800000000 0.9330767054 1.6718240824
4.800000000 0.9330767054 1.6718240824
4.810000000 0.9343065837 1.6712572899
4.810000000 0.9343065837 1.6712572899
4.820000000 0.9355391184 1.6706755288
4.820000000 0.9355391184 1.6706755288
4.830000000 0.9367742194 1.6700788633
4.830000000 0.9367742194 1.6700788633
4.840000000 0.9380117954 1.6694673592
4.840000000 0.9380117954 1.6694673592
4.850000000 0.9392517544 1.6688410844
4.850000000 0.9392517544 1.6688410844
4.860000000 0.9404940037 1.6682001082
4.860000000 0.9404940037 1.6682001082
4.870000000 0.9417384494 1.6675445021
4.870000000 0.9417384494 1.6675445021
4.880000000 0.9429849970 1.6668743389
4.880000000 0.9429849970 1.6668743389
4.890000000 0.9442335510 1.6661896937
4.890000000 0.9442335510 1.6661896937
4.900000000 0.9454840153 1.6654906432
4.900000000 0.9454840153 1.6654906432
4.910000000 0.9467362926 1.6647772658
4.910000000 0.9467362926 1.6647772658
4.920000000 0.9479902850 1.6640496419
4.920000000 0.9479902850 1.6640496419
4.930000000 0.9492458937 1.6633078537
4.930000000 0.9492458937 1.6633078537
4.940000000 0.9505030188 1.6625519852
4.940000000 0.9505030188 1.6625519852
4.950000000 0.9517615600 1.6617821222
4.950000000 0.9517615600 1.6617821222
4.960000000 0.9530214159 1.6609983526
4.960000000 0.9530214159 1.6609983526
4.970000000 0.9542824841 1.6602007658
4.970000000 0.9542824841 1.6602007658
4.980000000 0.9555446617 1.6593894533
4.980000000 0.9555446617 1.6593894533
4.990000000 0.9568078448 1.6585645085
4.990000000 0.9568078448 1.6585645085
5.000000000 0.9580719287 1.6577260265
5.000000000 0.9580719287 1.6577260265
5.010000000 0.9593368078 1.6568741043
5.010000000 0.9593368078 1.6568741043
5.020000000 0.9606023758 1.6560088409
5.020000000 0.9606023758 1.6560088409
5.030000000 0.9618685257 1.6551303370
5.030000000 0.9618685257 1.6551303370
5.040000000 0.9631351493 1.6542386953
5.040000000 0.9631351493 1.6542386953
5.050000000 0.9644021380 1.6533340204
5.050000000 0.9644021380 1.6533340204
5.060000000 0.9656693823 1.6524164187
5.060000000 0.9656693823 1.6524164187
5.070000000 0.9669367718 1.6514859985
5.070000000 0.9669367718 1.6514859985
5.080000000 0.9682041955 1.6505428700
5.080000000 0.9682041955 1.6505428700
5.090000000 0.9694715416 1.6495871451
5.090000000 0.9694715416 1.6495871451
5.100000000 0.9707386974 1.6486189378
5.100000000 0.9707386974 1.6486189378
5.110000000 0.9720055498 1.6476383639
5.110000000 0.9720055498 1.6476383639
5.120000000 0.9732719846 1.6466455410
5.120000000 0.9732719846 1.6466455410
5.130000000 0.9745378872 1.6456405886
5.130000000 0.9745378872 1.6456405886
5.140000000 0.9758031420 1.6446236281
5.140000000 0.9758031420 1.6446236281
5.150000000 0.9770676330 1.6435947825
5.150000000 0.9770676330 1.6435947825
5.160000000 0.9783312433 1.6425541770
5.160000000 0.9783312433 1.6425541770
5.170000000 0.9795938555 1.6415019384
5.170000000 0.9795938555 1.6415019384
5.180000000 0.9808553516 1.6404381954
5.180000000 0.9808553516 1.6404381954
5.190000000 0.9821156127 1.6393630784
5.190000000 0.9821156127 1.6393630784
5.200000000 0.9833745195 1.6382767197
5.200000000 0.9833745195 1.6382767197
5.210000000 0.9846319521 1.6371792534
5.210000000 0.9846319521 1.6371792534
5.220000000 0.9858877900 1.6360708155
5.220000000 0.9858877900 1.6360708155
5.230000000 0.9871419121 1.6349515434
5.230000000 0.9871419121 1.6349515434
5.240000000 0.9883941968 1.6338215766
5.240000000 0.9883941968 1.6338215766
5.250000000 0.9896445219 1.6326810562
5.250000000 0.9896445219 1.6326810562
5.260000000 0.9908927648 1.6315301251
5.260000000 0.9908927648 1.6315301251
5.270000000 0.9921388023 1.6303689278
5.270000000 0.9921388023 1.6303689278
5.280000000 0.9933825109 1.6291976107
5.280000000 0.9933825109 1.6291976107
5.290000000 0.9946237665 1.6280163216
5.290000000 0.9946237665 1.6280163216
5.300000000 0.9958624448 1.6268252101
5.300000000 0.9958624448 1.6268252101
5.310000000 0.9970984207 1.6256244275
5.310000000 0.9970984207 1.6256244275
5.320000000 0.9983315691 1.6244141268
5.320000000 0.9983315691 1.6244141268
5.330000000 0.9995617644 1.6231944623
5.330000000 0.9995617644 1.6231944623
5.340000000 1.0007888806 1.6219655902
5.340000000 1.0007888806 1.6219655902
5.350000000 1.0020127917 1.6207276681
5.350000000 1.0020127917 1.6207276681
5.360000000 1.0032333710 1.6194808551
5.360000000 1.0032333710 1.6194808551
5.370000000 1.0044504919 1.6182253120
5.370000000 1.0044504919 1.6182253120
5.380000000 1.0056640273 1.6169612009
5.380000000 1.0056640273 1.6169612009
5.390000000 1.0068738501 1.6156886856
5.390000000 1.0068738501 1.6156886856
5.400000000 1.0080798329 1.6144079311
5.400000000 1.0080798329 1.6144079311
5.410000000 1.0092818483 1.6131191040
5.410000000 1.0092818483 1.6131191040
5.420000000 1.0104797686 1.6118223721
5.420000000 1.0104797686 1.6118223721
5.430000000 1.0116734661 1.6105179048
5.430000000 1.0116734661 1.6105179048
5.440000000 1.0128628131 1.6092058728
5.440000000 1.0128628131 1.6092058728
5.450000000 1.0140476818 1.6078864478
5.450000000 1.0140476818 1.6078864478
5.460000000 1.0152279444 1.6065598032
5.460000000 1.0152279444 1.6065598032
5.470000000 1.0164034731 1.6052261134
5.470000000 1.0164034731 1.6052261134
5.480000000 1.0175741403 1.6038855540
5.480000000 1.0175741403 1.6038855540
5.490000000 1.0187398183 1.6025383021
5.490000000 1.0187398183 1.6025383021
5.500000000 1.0199003796 1.6011845354
5.500000000 1.0199003796 1.6011845354
5.510000000 1.0210556970 1.5998244332
5.510000000 1.0210556970 1.5998244332
5.520000000 1.0222056432 1.5984581758
5.520000000 1.0222056432 1.5984581758
5.530000000 1.0233500914 1.5970859442
5.530000000 1.0233500914 1.5970859442
5.540000000 1.0244889150 1.5957079209
5.540000000 1.0244889150 1.5957079209
5.550000000 1.0256219874 1.5943242891
5.550000000 1.0256219874 1.5943242891
5.560000000 1.0267491827 1.5929352330
5.560000000 1.0267491827 1.5929352330
5.570000000 1.0278703752 1.5915409377
5.570000000 1.0278703752 1.5915409377
5.580000000 1.0289854396 1.5901415891
5.580000000 1.0289854396 1.5901415891
5.590000000 1.0300942509 1.5887373740
5.590000000 1.0300942509 1.5887373740
5.600000000 1.0311966848 1.5873284801
5.600000000 1.0311966848 1.5873284801
5.610000000 1.0322926173 1.5859150956
5.610000000 1.0322926173 1.5859150956
5.620000000 1.0333819251 1.5844974096
5.620000000 1.0333819251 1.5844974096
5.630000000 1.0344644852 1.5830756118
5.630000000 1.0344644852 1.5830756118
5.640000000 1.0355401754 1.5816498925
5.640000000 1.0355401754 1.5816498925
5.650000000 1.0366088742 1.5802204426
5.650000000 1.0366088742 1.5802204426
5.660000000 1.0376704605 1.5787874536
5.660000000 1.0376704605 1.5787874536
5.670000000 1.0387248143 1.5773511174
5.670000000 1.0387248143 1.5773511174
5.680000000 1.0397718159 1.5759116264
5.680000000 1.0397718159 1.5759116264
5.690000000 1.0408113467 1.5744691735
5.690000000 1.0408113467 1.5744691735
5.700000000 1.0418432888 1.5730239519
5.700000000 1.0418432888 1.5730239519
5.710000000 1.0428675252 1.5715761550
5.710000000 1.0428675252 1.5715761550
5.720000000 1.0438839396 1.5701259766
5.720000000 1.0438839396 1.5701259766
5.730000000 1.0448924170 1.5686736108
5.730000000 1.0448924170 1.5686736108
5.740000000 1.0458928429 1.5672192518
5.740000000 1.0458928429 1.5672192518
5.750000000 1.0468851042 1.5657630939
5.750000000 1.0468851042 1.5657630939
5.760000000 1.0478690886 1.5643053316
5.760000000 1.0478690886 1.5643053316
5.770000000 1.0488446849 1.5628461594
5.770000000 1.0488446849 1.5628461594
5.780000000 1.0498117831 1.5613857718
5.780000000 1.0498117831 1.5613857718
5.790000000 1.0507702741 1.5599243633
5.790000000 1.0507702741 1.5599243633
5.800000000 1.0517200503 1.5584621282
5.800000000 1.0517200503 1.5584621282
5.810000000 1.0526610050 1.5569992608
5.810000000 1.0526610050 1.5569992608
5.820000000 1.0535930330 1.5555359551
5.820000000 1.0535930330 1.5555359551
5.830000000 1.0545160302 1.5540724050
5.830000000 1.0545160302 1.5540724050
5.840000000 1.0554298939 1.5526088041
5.840000000 1.0554298939 1.5526088041
5.850000000 1.0563345226 1.5511453455
5.850000000 1.0563345226 1.5511453455
5.860000000 1.0572298165 1.5496822221
5.860000000 1.0572298165 1.5496822221
5.870000000 1.0581156768 1.5482196264
5.870000000 1.0581156768 1.5482196264
5.880000000 1.0589920064 1.5467577504
5.880000000 1.0589920064 1.5467577504
5.890000000 1.0598587097 1.5452967855
5.890000000 1.0598587097 1.5452967855
5.900000000 1.0607156923 1.5438369227
5.900000000 1.0607156923 1.5438369227
5.910000000 1.0615628618 1.5423783522
5.910000000 1.0615628618 1.5423783522
5.920000000 1.0624001271 1.5409212637
5.920000000 1.0624001271 1.5409212637
5.930000000 1.0632273986 1.5394658463
5.930000000 1.0632273986 1.5394658463
5.940000000 1.0640445885 1.5380122880
5.940000000 1.0640445885 1.5380122880
5.950000000 1.0648516106 1.5365607764
5.950000000 1.0648516106 1.5365607764
5.960000000 1.0656483805 1.5351114980
5.960000000 1.0656483805 1.5351114980
5.970000000 1.0664348153 1.5336646385
5.970000000 1.0664348153 1.5336646385
5.980000000 1.0672108340 1.5322203828
5.980000000 1.0672108340 1.5322203828
5.990000000 1.0679763574 1.5307789147
5.990000000 1.0679763574 1.5307789147
6.000000000 1.0687313079 1.5293404170
6.000000000 1.0687313079 1.5293404170
6.010000000 1.0694756099 1.5279050715
6.010000000 1.0694756099 1.5279050715
6.020000000 1.0702091897 1.5264730588
6.020000000 1.0702091897 1.5264730588
6.030000000 1.0709319752 1.5250445584
6.030000000 1.0709319752 1.5250445584
6.040000000 1.0716438965 1.5236197487
6.040000000 1.0716438965 1.5236197487
6.050000000 1.0723448854 1.5221988067
6.050000000 1.0723448854 1.5221988067
6.060000000 1.0730348757 1.5207819084
6.060000000 1.0730348757 1.5207819084
6.070000000 1.0737138032 1.5193692283
6.070000000 1.0737138032 1.5193692283
6.080000000 1.0743816057 1.5179609394
6.080000000 1.0743816057 1.5179609394
6.090000000 1.0750382230 1.5165572137
6.090000000 1.0750382230 1.5165572137
6.100000000 1.0756835968 1.5151582214
6.100000000 1.0756835968 1.5151582214
6.110000000 1.0763176709 1.5137641315
6.110000000 1.0763176709 1.5137641315
6.120000000 1.0769403912 1.5123751114
6.120000000 1.0769403912 1.5123751114
6.130000000 1.0775517057 1.5109913268
6.130000000 1.0775517057 1.5109913268
6.140000000 1.0781515645 1.5096129422
6.140000000 1.0781515645 1.5096129422
6.150000000 1.0787399196 1.5082401201
6.150000000 1.0787399196 1.5082401201
6.160000000 1.0793167253 1.5068730215
6.160000000 1.0793167253 1.5068730215
6.170000000 1.0798819380 1.5055118058
6.170000000 1.0798819380 1.5055118058
6.180000000 1.0804355162 1.5041566306
6.180000000 1.0804355162 1.5041566306
6.190000000 1.0809774206 1.5028076517
6.190000000 1.0809774206 1.5028076517
6.200000000 1.0815076142 1.5014650233
6.200000000 1.0815076142 1.5014650233
6.210000000 1.0820260618 1.5001288975
6.210000000 1.0820260618 1.5001288975
6.220000000 1.0825327307 1.4987994248
6.220000000 1.0825327307 1.4987994248
6.230000000 1.0830275903 1.4974767537
6.230000000 1.0830275903 1.4974767537
6.240000000 1.0835106121 1.4961610310
6.240000000 1.0835106121 1.4961610310
6.250000000 1.0839817700 1.4948524013
6.250000000 1.0839817700 1.4948524013
6.260000000 1.0844410400 1.4935510073
6.260000000 1.0844410400 1.4935510073
6.270000000 1.0848884003 1.4922569899
6.270000000 1.0848884003 1.4922569899
6.280000000 1.0853238313 1.4909704878
6.280000000 1.0853238313 1.4909704878
6.290000000 1.0857473156 1.4896916378
6.290000000 1.0857473156 1.4896916378
6.300000000 1.0861588382 1.4884205745
6.300000000 1.0861588382 1.4884205745
6.310000000 1.0865583860 1.4871574306
6.310000000 1.0865583860 1.4871574306
6.320000000 1.0869459484 1.4859023365
6.320000000 1.0869459484 1.4859023365
6.330000000 1.0873215168 1.4846554207
6.330000000 1.0873215168 1.4846554207
6.340000000 1.0876850851 1.4834168095
6.340000000 1.0876850851 1.4834168095
6.350000000 1.0880366491 1.4821866268
6.350000000 1.0880366491 1.4821866268
6.360000000 1.0883762070 1.4809649946
6.360000000 1.0883762070 1.4809649946
6.370000000 1.0887037591 1.4797520327
6.370000000 1.0887037591 1.4797520327
6.380000000 1.0890193080 1.4785478585
6.380000000 1.0890193080 1.4785478585
6.390000000 1.0893228583 1.4773525873
6.390000000 1.0893228583 1.4773525873
6.400000000 1.0896144170 1.4761663322
6.400000000 1.0896144170 1.4761663322
6.410000000 1.0898939931 1.4749892040
6.410000000 1.0898939931 1.4749892040
6.420000000 1.0901615980 1.4738213113
6.420000000 1.0901615980 1.4738213113
6.430000000 1.0904172449 1.4726627602
6.430000000 1.0904172449 1.4726627602
6.440000000 1.0906609494 1.4715136548
6.440000000 1.0906609494 1.4715136548
6.450000000 1.0908927292 1.4703740967
6.450000000 1.0908927292 1.4703740967
6.460000000 1.0911126040 1.4692441853
6.460000000 1.0911126040 1.4692441853
6.470000000 1.0913205957 1.4681240177
6.470000000 1.0913205957 1.4681240177
6.480000000 1.0915167282 1.4670136886
6.480000000 1.0915167282 1.4670136886
6.490000000 1.0917010277 1.4659132905
6.490000000 1.0917010277 1.4659132905
6.500000000 1.0918735222 1.4648229135
6.500000000 1.0918735222 1.4648229135
6.510000000 1.0920342418 1.4637426453
6.510000000 1.0920342418 1.4637426453
6.520000000 1.0921832187 1.4626725713
6.520000000 1.0921832187 1.4626725713
6.530000000 1.0923204870 1.4616127747
6.530000000 1.0923204870 1.4616127747
6.540000000 1.0924460830 1.4605633362
6.540000000 1.0924460830 1.4605633362
6.550000000 1.0925600446 1.4595243342
6.550000000 1.0925600446 1.4595243342
6.560000000 1.0926624120 1.4584958449
6.560000000 1.0926624120 1.4584958449
6.570000000 1.0927532273 1.4574779419
6.570000000 1.0927532273 1.4574779419
6.580000000 1.0928325341 1.4564706966
6.580000000 1.0928325341 1.4564706966
6.590000000 1.0929003785 1.4554741782
6.590000000 1.0929003785 1.4554741782
6.600000000 1.0929568079 1.4544884534
6.600000000 1.0929568079 1.4544884534
6.610000000 1.0930018718 1.4535135865
6.610000000 1.0930018718 1.4535135865
6.620000000 1.0930356217 1.4525496398
6.620000000 1.0930356217 1.4525496398
6.630000000 1.0930581104 1.4515966730
6.630000000 1.0930581104 1.4515966730
6.640000000 1.0930693930 1.4506547436
6.640000000 1.0930693930 1.4506547436
6.650000000 1.0930695259 1.4497239068
6.650000000 1.0930695259 1.4497239068
6.660000000 1.0930585676 1.4488042155
6.660000000 1.0930585676 1.4488042155
6.670000000 1.0930365779 1.4478957203
6.670000000 1.0930365779 1.4478957203
6.680000000 1.0930036185 1.4469984696
6.680000000 1.0930036185 1.4469984696
6.690000000 1.0929597527 1.4461125095
6.690000000 1.0929597527 1.4461125095
6.700000000 1.0929050455 1.4452378837
6.700000000 1.0929050455 1.4452378837
6.710000000 1.0928395632 1.4443746340
6.710000000 1.0928395632 1.4443746340
6.720000000 1.0927633739 1.4435227997
6.720000000 1.0927633739 1.4435227997
6.730000000 1.0926765473 1.4426824179
6.730000000 1.0926765473 1.4426824179
6.740000000 1.0925791542 1.4418535237
6.740000000 1.0925791542 1.4418535237
6.750000000 1.0924712673 1.4410361498
6.750000000 1.0924712673 1.4410361498
6.760000000 1.0923529604 1.4402303269
6.760000000 1.0923529604 1.4402303269
6.770000000 1.0922243090 1.4394360833
6.770000000 1.0922243090 1.4394360833
6.780000000 1.0920853897 1.4386534456
6.780000000 1.0920853897 1.4386534456
6.790000000 1.0919362807 1.4378824378
6.790000000 1.0919362807 1.4378824378
6.800000000 1.0917770614 1.4371230820
6.800000000 1.0917770614 1.4371230820
6.810000000 1.0916078123 1.4363753984
6.810000000 1.0916078123 1.4363753984
6.820000000 1.0914286156 1.4356394048
6.820000000 1.0914286156 1.4356394048
6.830000000 1.0912395542 1.4349151171
6.830000000 1.0912395542 1.4349151171
6.840000000 1.0910407126 1.4342025492
6.840000000 1.0910407126 1.4342025492
6.850000000 1.0908321764 1.4335017130
6.850000000 1.0908321764 1.4335017130
6.860000000 1.0906140320 1.4328126183
6.860000000 1.0906140320 1.4328126183
6.870000000 1.0903863674 1.4321352730
6.870000000 1.0903863674 1.4321352730
6.880000000 1.0901492713 1.4314696832
6.880000000 1.0901492713 1.4314696832
6.890000000 1.0899028335 1.4308158526
6.890000000 1.0899028335 1.4308158526
6.900000000 1.0896471450 1.4301737836
6.900000000 1.0896471450 1.4301737836
6.910000000 1.0893822976 1.4295434762
6.910000000 1.0893822976 1.4295434762
6.920000000 1.0891083840 1.4289249289
6.920000000 1.0891083840 1.4289249289
6.930000000 1.0888254980 1.4283181381
6.930000000 1.0888254980 1.4283181381
6.940000000 1.0885337340 1.4277230985
6.940000000 1.0885337340 1.4277230985
6.950000000 1.0882331877 1.4271398029
6.950000000 1.0882331877 1.4271398029
6.960000000 1.0879239551 1.4265682426
6.960000000 1.0879239551 1.4265682426
6.970000000 1.0876061333 1.4260084068
6.970000000 1.0876061333 1.4260084068
6.980000000 1.0872798202 1.4254602832
6.980000000 1.0872798202 1.4254602832
6.990000000 1.0869451141 1.4249238576
6.990000000 1.0869451141 1.4249238576
7.000000000 1.0866021144 1.4243991143
7.000000000 1.0866021144 1.4243991143
7.010000000 1.0862509208 1.4238860359
7.010000000 1.0862509208 1.4238860359
7.020000000 1.0858916340 1.4233846033
7.020000000 1.0858916340 1.4233846033
7.030000000 1.0855243550 1.4228947957
7.030000000 1.0855243550 1.4228947957
7.040000000 1.0851491854 1.4224165911
7.040000000 1.0851491854 1.4224165911
7.050000000 1.0847662275 1.4219499654
7.050000000 1.0847662275 1.4219499654
7.060000000 1.0843755841 1.4214948934
7.060000000 1.0843755841 1.4214948934
7.070000000 1.0839773584 1.4210513481
7.070000000 1.0839773584 1.4210513481
7.080000000 1.0835716540 1.4206193013
7.080000000 1.0835716540 1.4206193013
7.090000000 1.0831585751 1.4201987229
7.090000000 1.0831585751 1.4201987229
7.100000000 1.0827382261 1.4197895819
7.100000000 1.0827382261 1.4197895819
7.110000000 1.0823107119 1.4193918455
7.110000000 1.0823107119 1.4193918455
7.120000000 1.0818761378 1.4190054795
7.120000000 1.0818761378 1.4190054795
7.130000000 1.0814346092 1.4186304487
7.130000000 1.0814346092 1.4186304487
7.140000000 1.0809862319 1.4182667160
7.140000000 1.0809862319 1.4182667160
7.150000000 1.0805311121 1.4179142436
7.150000000 1.0805311121 1.4179142436
7.160000000 1.0800693559 1.4175729919
7.160000000 1.0800693559 1.4175729919
7.170000000 1.0796010700 1.4172429203
7.170000000 1.0796010700 1.4172429203
7.180000000 1.0791263609 1.4169239869
7.180000000 1.0791263609 1.4169239869
7.190000000 1.0786453356 1.4166161486
7.190000000 1.0786453356 1.4166161486
7.200000000 1.0781581008 1.4163193610
7.200000000 1.0781581008 1.4163193610
7.210000000 1.0776647638 1.4160335787
7.210000000 1.0776647638 1.4160335787
7.220000000 1.0771654315 1.4157587550
7.220000000 1.0771654315 1.4157587550
7.230000000 1.0766602113 1.4154948422
7.230000000 1.0766602113 1.4154948422
7.240000000 1.0761492102 1.4152417914
7.240000000 1.0761492102 1.4152417914
7.250000000 1.0756325354 1.4149995528
7.250000000 1.0756325354 1.4149995528
7.260000000 1.0751102942 1.4147680753
7.260000000 1.0751102942 1.4147680753
7.270000000 1.0745825936 1.4145473069
7.270000000 1.0745825936 1.4145473069
7.280000000 1.0740495408 1.4143371946
7.280000000 1.0740495408 1.4143371946
7.290000000 1.0735112426 1.4141376846
7.290000000 1.0735112426 1.4141376846
7.300000000 1.0729678059 1.4139487218
7.300000000 1.0729678059 1.4139487218
7.310000000 1.0724193375 1.4137702503
7.310000000 1.0724193375 1.4137702503
7.320000000 1.0718659438 1.4136022135
7.320000000 1.0718659438 1.4136022135
7.330000000 1.0713077313 1.4134445537
7.330000000 1.0713077313 1.4134445537
7.340000000 1.0707448061 1.4132972123
7.340000000 1.0707448061 1.4132972123
7.350000000 1.0701772742 1.4131601301
7.350000000 1.0701772742 1.4131601301
7.360000000 1.0696052412 1.4130332467
7.360000000 1.0696052412 1.4130332467
7.370000000 1.0690288128 1.4129165013
7.370000000 1.0690288128 1.4129165013
7.380000000 1.0684480939 1.4128098321
7.380000000 1.0684480939 1.4128098321
7.390000000 1.0678631895 1.4127131766
7.390000000 1.0678631895 1.4127131766
7.400000000 1.0672742042 1.4126264717
7.400000000 1.0672742042 1.4126264717
7.410000000 1.0666812421 1.4125496532
7.410000000 1.0666812421 1.4125496532
7.420000000 1.0660844072 1.4124826567
7.420000000 1.0660844072 1.4124826567
7.430000000 1.0654838029 1.4124254168
7.430000000 1.0654838029 1.4124254168
7.440000000 1.0648795324 1.4123778676
7.440000000 1.0648795324 1.4123778676
7.450000000 1.0642716984 1.4123399426
7.450000000 1.0642716984 1.4123399426
7.460000000 1.0636604032 1.4123115745
7.460000000 1.0636604032 1.4123115745
7.470000000 1.0630457486 1.4122926955
7.470000000 1.0630457486 1.4122926955
7.480000000 1.0624278361 1.4122832375
7.480000000 1.0624278361 1.4122832375
7.490000000 1.0618067665 1.4122831314
7.490000000 1.0618067665 1.4122831314
7.500000000 1.0611826405 1.4122923079
7.500000000 1.0611826405 1.4122923079
7.510000000 1.0605555579 1.4123106970
7.510000000 1.0605555579 1.4123106970
7.520000000 1.0599256183 1.4123382284
7.520000000 1.0599256183 1.4123382284
7.530000000 1.0592929205 1.4123748312
7.530000000 1.0592929205 1.4123748312
7.540000000 1.0586575631 1.4124204341
7.540000000 1.0586575631 1.4124204341
7.550000000 1.0580196438 1.4124749653
7.550000000 1.0580196438 1.4124749653
7.560000000 1.0573792600 1.4125383525
7.560000000 1.0573792600 1.4125383525
7.570000000 1.0567365085 1.4126105233
7.570000000 1.0567365085 1.4126105233
7.580000000 1.0560914853 1.4126914046
7.580000000 1.0560914853 1.4126914046
7.590000000 1.0554442861 1.4127809231
7.590000000 1.0554442861 1.4127809231
7.600000000 1.0547950059 1.4128790052
7.600000000 1.0547950059 1.4128790052
7.610000000 1.0541437390 1.4129855768
7.610000000 1.0541437390 1.4129855768
7.620000000 1.0534905791 1.4131005635
7.620000000 1.0534905791 1.4131005635
7.630000000 1.0528356194 1.4132238908
7.630000000 1.0528356194 1.4132238908
7.640000000 1.0521789523 1.4133554837
7.640000000 1.0521789523 1.4133554837
7.650000000 1.0515206695 1.4134952670
7.650000000 1.0515206695 1.4134952670
7.660000000 1.0508608624 1.4136431653
7.660000000 1.0508608624 1.4136431653
7.670000000 1.0501996212 1.4137991029
7.670000000 1.0501996212 1.4137991029
7.680000000 1.0495370359 1.4139630038
7.680000000 1.0495370359 1.4139630038
7.690000000 1.0488731955 1.4141347920
7.690000000 1.0488731955 1.4141347920
7.700000000 1.0482081885 1.4143143912
7.700000000 1.0482081885 1.4143143912
7.710000000 1.0475421026 1.4145017248
7.710000000 1.0475421026 1.4145017248
7.720000000 1.0468750248 1.4146967161
7.720000000 1.0468750248 1.4146967161
7.730000000 1.0462070414 1.4148992885
7.730000000 1.0462070414 1.4148992885
7.740000000 1.0455382381 1.4151093648
7.740000000 1.0455382381 1.4151093648
7.750000000 1.0448686996 1.4153268680
7.750000000 1.0448686996 1.4153268680
7.760000000 1.0441985101 1.4155517209
7.760000000 1.0441985101 1.4155517209
7.770000000 1.0435277531 1.4157838462
7.770000000 1.0435277531 1.4157838462
7.780000000 1.0428565112 1.4160231664
7.780000000 1.0428565112 1.4160231664
7.790000000 1.0421848662 1.4162696042
7.790000000 1.0421848662 1.4162696042
7.800000000 1.0415128994 1.4165230819
7.800000000 1.0415128994 1.4165230819
7.810000000 1.0408406912 1.4167835220
7.810000000 1.0408406912 1.4167835220
7.820000000 1.0401683213 1.4170508467
7.820000000 1.0401683213 1.4170508467
7.830000000 1.0394958685 1.4173249786
7.830000000 1.0394958685 1.4173249786
7.840000000 1.0388234110 1.4176058397
7.840000000 1.0388234110 1.4176058397
7.850000000 1.0381510261 1.4178933525
7.850000000 1.0381510261 1.4178933525
7.860000000 1.0374787905 1.4181874392
7.860000000 1.0374787905 1.4181874392
7.870000000 1.0368067799 1.4184880221
7.870000000 1.0368067799 1.4184880221
7.880000000 1.0361350695 1.4187950236
7.880000000 1.0361350695 1.4187950236
7.890000000 1.0354637335 1.4191083659
7.890000000 1.0354637335 1.4191083659
7.900000000 1.0347928453 1.4194279716
7.900000000 1.0347928453 1.4194279716
7.910000000 1.0341224778 1.4197537630
7.910000000 1.0341224778 1.4197537630
7.920000000 1.0334527028 1.4200856626
7.920000000 1.0334527028 1.4200856626
7.930000000 1.0327835915 1.4204235930
7.930000000 1.0327835915 1.4204235930
7.940000000 1.0321152143 1.4207674768
7.940000000 1.0321152143 1.4207674768
7.950000000 1.0314476407 1.4211172368
7.950000000 1.0314476407 1.4211172368
7.960000000 1.0307809396 1.4214727958
7.960000000 1.0307809396 1.4214727958
7.970000000 1.0301151789 1.4218340767
7.970000000 1.0301151789 1.4218340767
7.980000000 1.0294504258 1.4222010026
7.980000000 1.0294504258 1.4222010026
7.990000000 1.0287867469 1.4225734966
7.990000000 1.0287867469 1.4225734966
8.000000000 1.0281242078 1.4229514819
8.000000000 1.0281242078 1.4229514819
8.010000000 1.0274628733 1.4233348821
8.010000000 1.0274628733 1.4233348821
8.020000000 1.0268028075 1.4237236206
8.020000000 1.0268028075 1.4237236206
8.030000000 1.0261440737 1.4241176211
8.030000000 1.0261440737 1.4241176211
8.040000000 1.0254867344 1.4245168075
8.040000000 1.0254867344 1.4245168075
8.050000000 1.0248308514 1.4249211038
8.050000000 1.0248308514 1.4249211038
8.060000000 1.0241764856 1.4253304342
8.060000000 1.0241764856 1.4253304342
8.070000000 1.0235236971 1.4257447231
8.070000000 1.0235236971 1.4257447231
8.080000000 1.0228725454 1.4261638950
8.080000000 1.0228725454 1.4261638950
8.090000000 1.0222230891 1.4265878745
8.090000000 1.0222230891 1.4265878745
8.100000000 1.0215753861 1.4270165867
8.100000000 1.0215753861 1.4270165867
8.110000000 1.0209294933 1.4274499567
8.110000000 1.0209294933 1.4274499567
8.120000000 1.0202854670 1.4278879096
8.120000000 1.0202854670 1.4278879096
8.130000000 1.0196433629 1.4283303712
8.130000000 1.0196433629 1.4283303712
8.140000000 1.0190032357 1.4287772672
8.140000000 1.0190032357 1.4287772672
8.150000000 1.0183651393 1.4292285234
8.150000000 1.0183651393 1.4292285234
8.160000000 1.0177291270 1.4296840661
8.160000000 1.0177291270 1.4296840661
8.170000000 1.0170952513 1.4301438218
8.170000000 1.0170952513 1.4301438218
8.180000000 1.0164635638 1.4306077170
8.180000000 1.0164635638 1.4306077170
8.190000000 1.0158341156 1.4310756787
8.190000000 1.0158341156 1.4310756787
8.200000000 1.0152069569 1.4315476339
8.200000000 1.0152069569 1.4315476339
8.210000000 1.0145821371 1.4320235102
8.210000000 1.0145821371 1.4320235102
8.220000000 1.0139597050 1.4325032352
8.220000000 1.0139597050 1.4325032352
8.230000000 1.0133397085 1.4329867367
8.230000000 1.0133397085 1.4329867367
8.240000000 1.0127221949 1.4334739428
8.240000000 1.0127221949 1.4334739428
8.250000000 1.0121072106 1.4339647822
8.250000000 1.0121072106 1.4339647822
8.260000000 1.0114948016 1.4344591833
8.260000000 1.0114948016 1.4344591833
8.270000000 1.0108850128 1.4349570753
8.270000000 1.0108850128 1.4349570753
8.280000000 1.0102778885 1.4354583872
8.280000000 1.0102778885 1.4354583872
8.290000000 1.0096734725 1.4359630488
8.290000000 1.0096734725 1.4359630488
8.300000000 1.0090718075 1.4364709897
8.300000000 1.0090718075 1.4364709897
8.310000000 1.0084729357 1.4369821401
8.310000000 1.0084729357 1.4369821401
8.320000000 1.0078768987 1.4374964303
8.320000000 1.0078768987 1.4374964303
8.330000000 1.0072837372 1.4380137910
8.330000000 1.0072837372 1.4380137910
8.340000000 1.0066934913 1.4385341532
8.340000000 1.0066934913 1.4385341532
8.350000000 1.0061062004 1.4390574482
8.350000000 1.0061062004 1.4390574482
8.360000000 1.0055219031 1.4395836074
8.360000000 1.0055219031 1.4395836074
8.370000000 1.0049406375 1.4401125629
8.370000000 1.0049406375 1.4401125629
8.380000000 1.0043624408 1.4406442467
8.380000000 1.0043624408 1.4406442467
8.390000000 1.0037873498 1.4411785914
8.390000000 1.0037873498 1.4411785914
8.400000000 1.0032154004 1.4417155297
8.400000000 1.0032154004 1.4417155297
8.410000000 1.0026466279 1.4422549947
8.410000000 1.0026466279 1.4422549947
8.420000000 1.0020810669 1.4427969200
8.420000000 1.0020810669 1.4427969200
8.430000000 1.0015187514 1.4433412391
8.430000000 1.0015187514 1.4433412391
8.440000000 1.0009597147 1.4438878861
8.440000000 1.0009597147 1.4438878861
8.450000000 1.0004039896 1.4444367956
8.450000000 1.0004039896 1.4444367956
8.460000000 0.9998516079 1.4449879020
8.460000000 0.9998516079 1.4449879020
8.470000000 0.9993026012 1.4455411405
8.470000000 0.9993026012 1.4455411405
8.480000000 0.9987570001 1.4460964464
8.480000000 0.9987570001 1.4460964464
8.490000000 0.9982148348 1.4466537554
8.490000000 0.9982148348 1.4466537554
8.500000000 0.9976761348 1.4472130035
8.500000000 0.9976761348 1.4472130035
8.510000000 0.9971409289 1.4477741270
8.510000000 0.9971409289 1.4477741270
8.520000000 0.9966092453 1.4483370627
8.520000000 0.9966092453 1.4483370627
8.530000000 0.9960811118 1.4489017474
8.530000000 0.9960811118 1.4489017474
8.540000000 0.9955565553 1.4494681186
8.540000000 0.9955565553 1.4494681186
8.550000000 0.9950356022 1.4500361138
8.550000000 0.9950356022 1.4500361138
8.560000000 0.9945182784 1.4506056712
8.560000000 0.9945182784 1.4506056712
8.570000000 0.9940046092 1.4511767291
8.570000000 0.9940046092 1.4511767291
8.580000000 0.9934946191 1.4517492262
8.580000000 0.9934946191 1.4517492262
8.590000000 0.9929883321 1.4523231014
8.590000000 0.9929883321 1.4523231014
8.600000000 0.9924857719 1.4528982942
8.600000000 0.9924857719 1.4528982942
8.610000000 0.9919869613 1.4534747443
8.610000000 0.9919869613 1.4534747443
8.620000000 0.9914919227 1.4540523917
8.620000000 0.9914919227 1.4540523917
8.630000000 0.9910006777 1.4546311769
8.630000000 0.9910006777 1.4546311769
8.640000000 0.9905132476 1.4552110405
8.640000000 0.9905132476 1.4552110405
8.650000000 0.9900296532 1.4557919236
8.650000000 0.9900296532 1.4557919236
8.660000000 0.9895499144 1.4563737678
8.660000000 0.9895499144 1.4563737678
8.670000000 0.9890740509 1.4569565147
8.670000000 0.9890740509 1.4569565147
8.680000000 0.9886020816 1.4575401066
8.680000000 0.9886020816 1.4575401066
8.690000000 0.9881340251 1.4581244858
8.690000000 0.9881340251 1.4581244858
8.700000000 0.9876698993 1.4587095952
8.700000000 0.9876698993 1.4587095952
8.710000000 0.9872097217 1.4592953780
8.710000000 0.9872097217 1.4592953780
8.720000000 0.9867535092 1.4598817778
8.720000000 0.9867535092 1.4598817778
8.730000000 0.9863012781 1.4604687382
8.730000000 0.9863012781 1.4604687382
8.740000000 0.9858530443 1.4610562037
8.740000000 0.9858530443 1.4610562037
8.750000000 0.9854088233 1.4616441188
8.750000000 0.9854088233 1.4616441188
8.760000000 0.9849686299 1.4622324283
8.760000000 0.9849686299 1.4622324283
8.770000000 0.9845324784 1.4628210776
8.770000000 0.9845324784 1.4628210776
8.780000000 0.9841003828 1.4634100123
8.780000000 0.9841003828 1.4634100123
8.790000000 0.9836723565 1.4639991783
8.790000000 0.9836723565 1.4639991783
8.800000000 0.9832484123 1.4645885220
8.800000000 0.9832484123 1.4645885220
8.810000000 0.9828285628 1.4651779901
8.810000000 0.9828285628 1.4651779901
8.820000000 0.9824128198 1.4657675296
8.820000000 0.9824128198 1.4657675296
8.830000000 0.9820011949 1.4663570878
8.830000000 0.9820011949 1.4663570878
8.840000000 0.9815936991 1.4669466126
8.840000000 0.9815936991 1.4669466126
8.850000000 0.9811903430 1.4675360519
8.850000000 0.9811903430 1.4675360519
8.860000000 0.9807911367 1.4681253543
8.860000000 0.9807911367 1.4681253543
8.870000000 0.9803960898 1.4687144685
8.870000000 0.9803960898 1.4687144685
8.880000000 0.9800052116 1.4693033437
8.880000000 0.9800052116 1.4693033437
8.890000000 0.9796185109 1.4698919293
8.890000000 0.9796185109 1.4698919293
8.900000000 0.9792359960 1.4704801752
8.900000000 0.9792359960 1.4704801752
8.910000000 0.9788576747 1.4710680316
8.910000000 0.9788576747 1.4710680316
8.920000000 0.9784835546 1.4716554491
8.920000000 0.9784835546 1.4716554491
8.930000000 0.9781136427 1.4722423785
8.930000000 0.9781136427 1.4722423785
8.940000000 0.9777479457 1.4728287710
8.940000000 0.9777479457 1.4728287710
8.950000000 0.9773864698 1.4734145784
8.950000000 0.9773864698 1.4734145784
8.960000000 0.9770292207 1.4739997526
8.960000000 0.9770292207 1.4739997526
8.970000000 0.9766762039 1.4745842458
8.970000000 0.9766762039 1.4745842458
8.980000000 0.9763274244 1.4751680107
8.980000000 0.9763274244 1.4751680107
8.990000000 0.9759828868 1.4757510003
8.990000000 0.9759828868 1.4757510003
9.000000000 0.9756425952 1.4763331680
9.000000000 0.9756425952 1.4763331680
9.010000000 0.9753065534 1.4769144675
9.010000000 0.9753065534 1.4769144675
9.020000000 0.9749747650 1.4774948529
9.020000000 0.9749747650 1.4774948529
9.030000000 0.9746472330 1.4780742785
9.030000000 0.9746472330 1.4780742785
9.040000000 0.9743239599 1.4786526992
9.040000000 0.9743239599 1.4786526992
9.050000000 0.9740049481 1.4792300700
9.050000000 0.9740049481 1.4792300700
9.060000000 0.9736901995 1.4798063464
9.060000000 0.9736901995 1.4798063464
9.070000000 0.9733797157 1.4803814842
9.070000000 0.9733797157 1.4803814842
9.080000000 0.9730734979 1.4809554395
9.080000000 0.9730734979 1.4809554395
9.090000000 0.9727715468 1.4815281689
9.090000000 0.9727715468 1.4815281689
9.100000000 0.9724738630 1.4820996293
9.100000000 0.9724738630 1.4820996293
9.110000000 0.9721804465 1.4826697777
9.110000000 0.9721804465 1.4826697777
9.120000000 0.9718912972 1.4832385719
9.120000000 0.9718912972 1.4832385719
9.130000000 0.9716064145 1.4838059696
9.130000000 0.9716064145 1.4838059696
9.140000000 0.9713257974 1.4843719292
9.140000000 0.9713257974 1.4843719292
9.150000000 0.9710494447 1.4849364092
9.150000000 0.9710494447 1.4849364092
9.160000000 0.9707773549 1.4854993685
9.160000000 0.9707773549 1.4854993685
9.170000000 0.9705095261 1.4860607665
9.170000000 0.9705095261 1.4860607665
9.180000000 0.9702459559 1.4866205628
9.180000000 0.9702459559 1.4866205628
9.190000000 0.9699866419 1.4871787174
9.190000000 0.9699866419 1.4871787174
9.200000000 0.9697315811 1.4877351906
9.200000000 0.9697315811 1.4877351906
9.210000000 0.9694807704 1.4882899431
9.210000000 0.9694807704 1.4882899431
9.220000000 0.9692342063 1.4888429359
9.220000000 0.9692342063 1.4888429359
9.230000000 0.9689918849 1.4893941303
9.230000000 0.9689918849 1.4893941303
9.240000000 0.9687538022 1.4899434881
9.240000000 0.9687538022 1.4899434881
9.250000000 0.9685199537 1.4904909714
9.250000000 0.9685199537 1.4904909714
9.260000000 0.9682903347 1.4910365425
9.260000000 0.9682903347 1.4910365425
9.270000000 0.9680649401 1.4915801642
9.270000000 0.9680649401 1.4915801642
9.280000000 0.9678437647 1.4921217995
9.280000000 0.9678437647 1.4921217995
9.290000000 0.9676268029 1.4926614120
9.290000000 0.9676268029 1.4926614120
9.300000000 0.9674140488 1.4931989654
9.300000000 0.9674140488 1.4931989654
9.310000000 0.9672054963 1.4937344237
9.310000000 0.9672054963 1.4937344237
9.320000000 0.9670011388 1.4942677515
9.320000000 0.9670011388 1.4942677515
9.330000000 0.9668009696 1.4947989136
9.330000000 0.9668009696 1.4947989136
9.340000000 0.9666049818 1.4953278752
9.340000000 0.9666049818 1.4953278752
9.350000000 0.9664131681 1.4958546016
9.350000000 0.9664131681 1.4958546016
9.360000000 0.9662255209 1.4963790588
9.360000000 0.9662255209 1.4963790588
9.370000000 0.9660420325 1.4969012129
9.370000000 0.9660420325 1.4969012129
9.380000000 0.9658626948 1.4974210305
9.380000000 0.9658626948 1.4974210305
9.390000000 0.9656874994 1.4979384783
9.390000000 0.9656874994 1.4979384783
9.400000000 0.9655164377 1.4984535237
9.400000000 0.9655164377 1.4984535237
9.410000000 0.9653495010 1.4989661342
9.410000000 0.9653495010 1.4989661342
9.420000000 0.9651866802 1.4994762775
9.420000000 0.9651866802 1.4994762775
9.430000000 0.9650279659 1.4999839220
9.430000000 0.9650279659 1.4999839220
9.440000000 0.9648733485 1.5004890363
9.440000000 0.9648733485 1.5004890363
9.450000000 0.9647228182 1.5009915892
9.450000000 0.9647228182 1.5009915892
9.460000000 0.9645763649 1.5014915499
9.460000000 0.9645763649 1.5014915499
9.470000000 0.9644339783 1.5019888881
9.470000000 0.9644339783 1.5019888881
9.480000000 0.9642956480 1.5024835737
9.480000000 0.9642956480 1.5024835737
9.490000000 0.9641613630 1.5029755770
9.490000000 0.9641613630 1.5029755770
9.500000000 0.9640311125 1.5034648685
9.500000000 0.9640311125 1.5034648685
9.510000000 0.9639048851 1.5039514192
9.510000000 0.9639048851 1.5039514192
9.520000000 0.9637826695 1.5044352005
9.520000000 0.9637826695 1.5044352005
9.530000000 0.9636644539 1.5049161838
9.530000000 0.9636644539 1.5049161838
9.540000000 0.9635502264 1.5053943412
9.540000000 0.9635502264 1.5053943412
9.550000000 0.9634399749 1.5058696450
9.550000000 0.9634399749 1.5058696450
9.560000000 0.9633336871 1.5063420678
9.560000000 0.9633336871 1.5063420678
9.570000000 0.9632313504 1.5068115826
9.570000000 0.9632313504 1.5068115826
9.580000000 0.9631329520 1.5072781627
9.580000000 0.9631329520 1.5072781627
9.590000000 0.9630384790 1.5077417818
9.590000000 0.9630384790 1.5077417818
9.600000000 0.9629479182 1.5082024139
9.600000000 0.9629479182 1.5082024139
9.610000000 0.9628612562 1.5086600332
9.610000000 0.9628612562 1.5086600332
9.620000000 0.9627784795 1.5091146145
9.620000000 0.9627784795 1.5091146145
9.630000000 0.9626995741 1.5095661329
9.630000000 0.9626995741 1.5095661329
9.640000000 0.9626245262 1.5100145635
9.640000000 0.9626245262 1.5100145635
9.650000000 0.9625533215 1.5104598821
9.650000000 0.9625533215 1.5104598821
9.660000000 0.9624859457 1.5109020648
9.660000000 0.9624859457 1.5109020648
9.670000000 0.9624223841 1.5113410879
9.670000000 0.9624223841 1.5113410879
9.680000000 0.9623626221 1.5117769281
9.680000000 0.9623626221 1.5117769281
9.690000000 0.9623066446 1.5122095624
9.690000000 0.9623066446 1.5122095624
9.700000000 0.9622544365 1.5126389682
9.700000000 0.9622544365 1.5126389682
9.710000000 0.9622059825 1.5130651232
9.710000000 0.9622059825 1.5130651232
9.720000000 0.9621612671 1.5134880054
9.720000000 0.9621612671 1.5134880054
9.730000000 0.9621202746 1.5139075933
9.730000000 0.9621202746 1.5139075933
9.740000000 0.9620829891 1.5143238656
9.740000000 0.9620829891 1.5143238656
9.750000000 0.9620493946 1.5147368013
9.750000000 0.9620493946 1.5147368013
9.760000000 0.9620194748 1.5151463798
9.760000000 0.9620194748 1.5151463798
9.770000000 0.9619932133 1.5155525809
9.770000000 0.9619932133 1.5155525809
9.780000000 0.9619705936 1.5159553845
9.780000000 0.9619705936 1.5159553845
9.790000000 0.9619515990 1.5163547713
9.790000000 0.9619515990 1.5163547713
9.800000000 0.9619362124 1.5167507217
9.800000000 0.9619362124 1.5167507217
9.810000000 0.9619244169 1.5171432171
9.810000000 0.9619244169 1.5171432171
9.820000000 0.9619161952 1.5175322387
9.820000000 0.9619161952 1.5175322387
9.830000000 0.9619115299 1.5179177684
9.830000000 0.9619115299 1.5179177684
9.840000000 0.9619104034 1.5182997881
9.840000000 0.9619104034 1.5182997881
9.850000000 0.9619127980 1.5186782804
9.850000000 0.9619127980 1.5186782804
9.860000000 0.9619186958 1.5190532281
9.860000000 0.9619186958 1.5190532281
9.870000000 0.9619280788 1.5194246141
9.870000000 0.9619280788 1.5194246141
9.880000000 0.9619409287 1.5197924220
9.880000000 0.9619409287 1.5197924220
9.890000000 0.9619572273 1.5201566355
9.890000000 0.9619572273 1.5201566355
9.900000000 0.9619769560 1.5205172388
9.900000000 0.9619769560 1.5205172388
9.910000000 0.9620000961 1.5208742163
9.910000000 0.9620000961 1.5208742163
9.920000000 0.9620266289 1.5212275527
9.920000000 0.9620266289 1.5212275527
9.930000000 0.9620565353 1.5215772332
9.930000000 0.9620565353 1.5215772332
9.940000000 0.9620897964 1.5219232433
9.940000000 0.9620897964 1.5219232433
9.950000000 0.9621263928 1.5222655687
9.950000000 0.9621263928 1.5222655687
9.960000000 0.9621663052 1.5226041956
9.960000000 0.9621663052 1.5226041956
9.970000000 0.9622095140 1.5229391104
9.970000000 0.9622095140 1.5229391104
9.980000000 0.9622559995 1.5232703000
9.980000000 0.9622559995 1.5232703000
9.990000000 0.9623057421 1.5235977515
9.990000000 0.9623057421 1.5235977515
10.000000000 0.9623587216 1.5239214523
