 % mode 1
 0 0.403247 0.403252 -0.122736 -0.121748
 0.01 0.646748 0.646807 0.121748 0.133675
 0.01 0.403233 0.403312 -0.1237 -0.10982
 0.02 0.646743 0.646986 0.12076 0.14546
 0.02 0.403208 0.40349 -0.124642 -0.098035
 0.03 0.646728 0.647281 0.119795 0.157103
 0.03 0.403175 0.403786 -0.12556 -0.086392
 0.04 0.646704 0.647692 0.118854 0.168606
 0.04 0.403132 0.404197 -0.126457 -0.074889
 0.05 0.64667 0.648218 0.117935 0.179971
 0.05 0.403081 0.404723 -0.127331 -0.063524
 0.06 0.646628 0.648856 0.117039 0.1912
 0.06 0.403021 0.405361 -0.128184 -0.052295
 0.07 0.646576 0.649607 0.116164 0.202294
 0.07 0.402952 0.406111 -0.129015 -0.041202
 0.08 0.646516 0.650467 0.115312 0.213255
 0.08 0.402875 0.406972 -0.129826 -0.030241
 0.09 0.646447 0.651436 0.11448 0.224084
 0.09 0.402791 0.407941 -0.130617 -0.019412
 0.1 0.646371 0.652513 0.113669 0.234783
 0.1 0.402698 0.409018 -0.131388 -0.008712
 0.11 0.646286 0.653697 0.112878 0.245354
 0.11 0.402598 0.410201 -0.132139 0.001858
 0.12 0.646193 0.654985 0.112108 0.255798
 0.12 0.40249 0.41149 -0.13287 0.012302
 0.13 0.646093 0.656377 0.111357 0.266116
 0.13 0.402375 0.412882 -0.133583 0.022621
 0.14 0.645986 0.657872 0.110625 0.276311
 0.14 0.402254 0.414376 -0.134277 0.032816
 0.15 0.645871 0.659468 0.109912 0.286384
 0.15 0.402125 0.415973 -0.134953 0.042888
 0.16 0.645749 0.661164 0.109218 0.296335
 0.16 0.40199 0.417669 -0.135611 0.05284
 0.17 0.64562 0.662959 0.108542 0.306167
 0.17 0.401848 0.419464 -0.136252 0.062672
 0.18 0.645485 0.664852 0.107884 0.315882
 0.18 0.4017 0.421357 -0.136875 0.072387
 0.19 0.645343 0.666842 0.107244 0.32548
 0.19 0.401545 0.423346 -0.137481 0.081984
 0.2 0.645195 0.668926 0.10662 0.334962
 0.2 0.401385 0.425431 -0.138071 0.091467
 0.21 0.645041 0.671106 0.106014 0.344332
 0.21 0.401219 0.42761 -0.138644 0.100836
 0.22 0.64488 0.673378 0.105424 0.353588
 0.22 0.401047 0.429882 -0.139202 0.110093
 0.23 0.644714 0.675742 0.104851 0.362734
 0.23 0.40087 0.432247 -0.139744 0.119239
 0.24 0.644542 0.678197 0.104293 0.37177
 0.24 0.400687 0.434702 -0.14027 0.128275
 0.25 0.644365 0.680742 0.103752 0.380698
 0.25 0.400499 0.437247 -0.140781 0.137203
 0.26 0.644183 0.683376 0.103225 0.389519
 0.26 0.400307 0.43988 -0.141278 0.146023
 0.27 0.643995 0.686097 0.102714 0.398234
 0.27 0.400109 0.442602 -0.14176 0.154738
 0.28 0.643802 0.688905 0.102218 0.406844
 0.28 0.399906 0.44541 -0.142227 0.163349
 0.29 0.643604 0.691799 0.101736 0.415352
 0.29 0.399699 0.448303 -0.142681 0.171856
 0.3 0.643402 0.694777 0.101268 0.423757
 0.3 0.399488 0.451281 -0.143121 0.180262
 0.31 0.643195 0.697839 0.100814 0.432062
 0.31 0.399272 0.454343 -0.143548 0.188567
 0.32 0.642983 0.700983 0.100374 0.440267
 0.32 0.399052 0.457487 -0.143961 0.196772
 0.33 0.642767 0.704209 0.099948 0.448375
 0.33 0.398828 0.460713 -0.144361 0.204879
 0.34 0.642547 0.707515 0.099534 0.456384
 0.34 0.3986 0.46402 -0.144749 0.212889
 0.35 0.642323 0.710901 0.099134 0.464298
 0.35 0.398368 0.467406 -0.145124 0.220803
 0.36 0.642095 0.714366 0.098746 0.472118
 0.36 0.398132 0.47087 -0.145487 0.228622
 0.37 0.641863 0.717908 0.098371 0.479843
 0.37 0.397893 0.474413 -0.145838 0.236348
 0.38 0.641627 0.721527 0.098008 0.487476
 0.38 0.39765 0.478032 -0.146178 0.243981
 0.39 0.641388 0.725222 0.097657 0.495018
 0.39 0.397404 0.481727 -0.146506 0.251522
 0.4 0.641146 0.728992 0.097318 0.502469
 0.4 0.397155 0.485497 -0.146822 0.258974
 0.41 0.6409 0.732837 0.09699 0.509831
 0.41 0.396903 0.489341 -0.147128 0.266336
 0.42 0.640651 0.736754 0.096673 0.517105
 0.42 0.396648 0.493258 -0.147422 0.27361
 0.43 0.640398 0.740743 0.096368 0.524292
 0.43 0.396389 0.497248 -0.147707 0.280797
 0.44 0.640143 0.744804 0.096073 0.531393
 0.44 0.396128 0.501309 -0.14798 0.287898
 0.45 0.639885 0.748936 0.095789 0.538409
 0.45 0.395865 0.505441 -0.148244 0.294914
 0.46 0.639624 0.753137 0.095515 0.545341
 0.46 0.395599 0.509642 -0.148497 0.301846
 0.47 0.63936 0.757408 0.095252 0.55219
 0.47 0.39533 0.513912 -0.148741 0.308695
 0.48 0.639094 0.761746 0.094998 0.558958
 0.48 0.395059 0.518251 -0.148975 0.315462
 0.49 0.638825 0.766152 0.094755 0.565644
 0.49 0.394785 0.522656 -0.1492 0.322148
 0.5 0.638554 0.770624 0.09452 0.57225
 0.5 0.39451 0.527128 -0.149415 0.328755
 0.51 0.638281 0.775161 0.094296 0.578777
 0.51 0.394232 0.531666 -0.149622 0.335282
 0.52 0.638005 0.779764 0.09408 0.585226
 0.52 0.393952 0.536269 -0.149819 0.341731
 0.53 0.637727 0.784431 0.093874 0.591598
 0.53 0.393671 0.540935 -0.150008 0.348103
 0.54 0.637448 0.789161 0.093676 0.597894
 0.54 0.393387 0.545665 -0.150189 0.354399
 0.55 0.637166 0.793953 0.093487 0.604114
 0.55 0.393102 0.550458 -0.150361 0.360619
 0.56 0.636882 0.798808 0.093307 0.610261
 0.56 0.392815 0.555312 -0.150525 0.366765
 0.57 0.636597 0.803723 0.093134 0.616333
 0.57 0.392526 0.560228 -0.150681 0.372838
 0.58 0.63631 0.808699 0.09297 0.622333
 0.58 0.392236 0.565204 -0.15083 0.378838
 0.59 0.636022 0.813735 0.092814 0.628262
 0.59 0.391945 0.570239 -0.15097 0.384766
 0.6 0.635732 0.818829 0.092666 0.634119
 0.6 0.391652 0.575334 -0.151104 0.390624
 0.61 0.63544 0.823982 0.092525 0.639906
 0.61 0.391358 0.580487 -0.15123 0.396411
 0.62 0.635147 0.829192 0.092392 0.645625
 0.62 0.391062 0.585697 -0.151348 0.402129
 0.63 0.634853 0.834459 0.092266 0.651275
 0.63 0.390766 0.590964 -0.15146 0.407779
 0.64 0.634558 0.839783 0.092147 0.656857
 0.64 0.390468 0.596287 -0.151565 0.413362
 0.65 0.634261 0.845161 0.092035 0.662373
 0.65 0.390169 0.601666 -0.151663 0.418878
 0.66 0.633963 0.850595 0.09193 0.667823
 0.66 0.38987 0.607099 -0.151755 0.424327
 0.67 0.633665 0.856083 0.091832 0.673208
 0.67 0.389569 0.612587 -0.15184 0.429712
 0.68 0.633365 0.861624 0.09174 0.678528
 0.68 0.389268 0.618128 -0.151919 0.435033
 0.69 0.633065 0.867218 0.091655 0.683785
 0.69 0.388966 0.623723 -0.151992 0.44029
 0.7 0.632763 0.872864 0.091576 0.688979
 0.7 0.388663 0.629369 -0.152059 0.445484
 0.71 0.632461 0.878562 0.091503 0.694111
 0.71 0.38836 0.635067 -0.15212 0.450616
 0.72 0.632158 0.884311 0.091436 0.699182
 0.72 0.388056 0.640816 -0.152175 0.455687
 0.73 0.631855 0.890111 0.091375 0.704192
 0.73 0.387751 0.646615 -0.152225 0.460697
 0.74 0.631551 0.89596 0.09132 0.709143
 0.74 0.387446 0.652465 -0.152269 0.465647
 0.75 0.631246 0.901859 0.091271 0.714034
 0.75 0.387141 0.658363 -0.152308 0.470539
 0.76 0.630941 0.907806 0.091226 0.718867
 0.76 0.386835 0.66431 -0.152341 0.475372
 0.77 0.630636 0.913801 0.091188 0.723642
 0.77 0.386529 0.670305 -0.15237 0.480147
 0.78 0.63033 0.919843 0.091154 0.728361
 0.78 0.386222 0.676348 -0.152393 0.484865
 0.79 0.630024 0.925933 0.091126 0.733023
 0.79 0.385916 0.682437 -0.152412 0.489527
 0.8 0.629718 0.932069 0.091102 0.737629
 0.8 0.385609 0.688573 -0.152426 0.494134
 0.81 0.629411 0.93825 0.091084 0.74218
 0.81 0.385302 0.694755 -0.152435 0.498685
 0.82 0.629104 0.944477 0.09107 0.746677
 0.82 0.384995 0.700982 -0.152439 0.503182
 0.83 0.628798 0.950749 0.091061 0.751121
 0.83 0.384688 0.707253 -0.152439 0.507625
 0.84 0.628491 0.957064 0.091056 0.755511
 0.84 0.384382 0.713569 -0.152439 0.512016
 0.85 0.628184 0.963424 0.09106 0.759849
 0.85 0.384075 0.719928 -0.152435 0.516354
 0.86 0.627877 0.969826 0.091069 0.764136
 0.86 0.383768 0.726331 -0.152427 0.52064
 0.87 0.62757 0.976271 0.091081 0.768371
 0.87 0.383461 0.732776 -0.152414 0.524875
 0.88 0.627263 0.982759 0.091098 0.772556
 0.88 0.383155 0.739263 -0.152398 0.52906
 0.89 0.626957 0.989287 0.091118 0.77669
 0.89 0.382849 0.745792 -0.152377 0.533195
 0.9 0.62665 0.995857 0.091143 0.780776
 0.9 0.382543 0.752362 -0.152353 0.53728
 0.91 0.626344 1.00247 0.091171 0.784813
 0.91 0.382237 0.758972 -0.152324 0.541317
 0.92 0.626038 1.00912 0.091203 0.788801
 0.92 0.381932 0.765623 -0.152293 0.545306
 0.93 0.625733 1.01581 0.091238 0.792742
 0.93 0.381627 0.772313 -0.152257 0.549247
 0.94 0.625427 1.02254 0.091277 0.796637
 0.94 0.381323 0.779043 -0.152218 0.553141
 0.95 0.625123 1.02931 0.091319 0.800484
 0.95 0.381019 0.785811 -0.152176 0.556989
 0.96 0.624818 1.03611 0.091365 0.804286
 0.96 0.380715 0.792617 -0.152131 0.560791
 0.97 0.624514 1.04296 0.091413 0.808043
 0.97 0.380412 0.799462 -0.152082 0.564548
 0.98 0.62421 1.04984 0.091465 0.811755
 0.98 0.380109 0.806343 -0.15203 0.568259
 0.99 0.623907 1.05676 0.09152 0.815422
 0.99 0.379807 0.813262 -0.151975 0.571927
 1 0.623605 1.06371 0.091578 0.819046
 1 0.379506 0.820216 -0.151917 0.575551
 1.01 0.623303 1.0707 0.091639 0.822627
 1.01 0.379205 0.827207 -0.151857 0.579132
 1.02 0.623001 1.07773 0.091702 0.826165
 1.02 0.378905 0.834234 -0.151793 0.58267
 1.03 0.622701 1.08479 0.091769 0.829661
 1.03 0.378606 0.841296 -0.151727 0.586166
 1.04 0.6224 1.09189 0.091838 0.833115
 1.04 0.378307 0.848392 -0.151658 0.58962
 1.05 0.622101 1.09902 0.091909 0.836529
 1.05 0.378009 0.855523 -0.151586 0.593033
 1.06 0.621802 1.10618 0.091983 0.839901
 1.06 0.377712 0.862687 -0.151512 0.596406
 1.07 0.621504 1.11338 0.09206 0.843234
 1.07 0.377415 0.869886 -0.151435 0.599738
 1.08 0.621207 1.12061 0.092139 0.846526
 1.08 0.377119 0.877117 -0.151357 0.603031
 1.09 0.62091 1.12788 0.09222 0.84978
 1.09 0.376825 0.884381 -0.151275 0.606284
 1.1 0.620615 1.13517 0.092303 0.852995
 1.1 0.376531 0.891678 -0.151192 0.609499
 1.11 0.62032 1.1425 0.092389 0.856171
 1.11 0.376237 0.899006 -0.151106 0.612676
 1.12 0.620026 1.14986 0.092477 0.85931
 1.12 0.375945 0.906366 -0.151018 0.615814
 1.13 0.619733 1.15725 0.092567 0.862411
 1.13 0.375654 0.913757 -0.150929 0.618916
 1.14 0.619441 1.16467 0.092659 0.865476
 1.14 0.375363 0.921179 -0.150837 0.62198
 1.15 0.619149 1.17213 0.092752 0.868504
 1.15 0.375074 0.928632 -0.150743 0.625008
 1.16 0.618859 1.17961 0.092848 0.871496
 1.16 0.374785 0.936114 -0.150647 0.628
 1.17 0.618569 1.18712 0.092945 0.874452
 1.17 0.374498 0.943626 -0.15055 0.630957
 1.18 0.618281 1.19466 0.093045 0.877373
 1.18 0.374211 0.951168 -0.150451 0.633878
 1.19 0.617993 1.20223 0.093146 0.88026
 1.19 0.373926 0.958739 -0.15035 0.636764
 1.2 0.617707 1.20983 0.093248 0.883112
 1.2 0.373641 0.966338 -0.150247 0.639617
 1.21 0.617421 1.21746 0.093352 0.88593
 1.21 0.373358 0.973966 -0.150143 0.642435
 1.22 0.617137 1.22512 0.093458 0.888715
 1.22 0.373076 0.981622 -0.150037 0.64522
 1.23 0.616853 1.2328 0.093565 0.891467
 1.23 0.372794 0.989305 -0.14993 0.647971
 1.24 0.616571 1.24051 0.093674 0.894185
 1.24 0.372514 0.997016 -0.149822 0.65069
 1.25 0.61629 1.24825 0.093784 0.896872
 % mode 3 unsafe
 0.9 0.088362 0.589412 -0.440183 0.295619
 0.91 0.910327 1.41833 0.406527 1.12797
 0.91 0.088362 0.596529 -0.41527 0.285212
 0.92 0.910239 1.42534 0.431133 1.11742
 0.92 0.088442 0.603542 -0.390664 0.274952
 0.93 0.910563 1.43225 0.455435 1.10701
 0.93 0.088766 0.610452 -0.366362 0.26484
 0.94 0.911129 1.43906 0.479437 1.09675
 0.94 0.089332 0.61726 -0.34236 0.254871
 0.95 0.911933 1.44576 0.503143 1.08664
 0.95 0.090136 0.623967 -0.318654 0.245045
 0.96 0.912973 1.45237 0.526556 1.07667
 0.96 0.091176 0.630576 -0.295241 0.235359
 0.97 0.914245 1.45888 0.54968 1.06684
 0.97 0.092448 0.637087 -0.272117 0.225812
 0.98 0.915747 1.4653 0.572519 1.05716
 0.98 0.09395 0.643501 -0.249278 0.216401
 0.99 0.917477 1.47162 0.595076 1.04761
 0.99 0.09568 0.649821 -0.226721 0.207124
 1 0.91943 1.47784 0.617355 1.0382
 1 0.097633 0.656048 -0.204442 0.19798
 1.01 0.921605 1.48398 0.639358 1.02892
 1.01 0.099808 0.662182 -0.182439 0.188967
 1.02 0.923998 1.49002 0.66109 1.01978
 1.02 0.102201 0.668226 -0.160706 0.180083
 1.03 0.926608 1.49598 0.682554 1.01076
 1.03 0.104811 0.67418 -0.139242 0.171327
 1.04 0.92943 1.50184 0.703754 1.00188
 1.04 0.107634 0.680046 -0.118043 0.162695
 1.05 0.932464 1.50762 0.724691 0.993124
 1.05 0.110667 0.685825 -0.097105 0.154187
 1.06 0.935705 1.51332 0.745371 0.984492
 1.06 0.113909 0.691518 -0.076426 0.145801
 1.07 0.939153 1.51892 0.765795 0.975984
 1.07 0.117356 0.697127 -0.056002 0.137536
 1.08 0.942803 1.52445 0.785968 0.967598
 1.08 0.121006 0.702653 -0.035829 0.129389
 1.09 0.946653 1.52989 0.805892 0.959333
 1.09 0.124856 0.708096 -0.015905 0.121358
 1.1 0.950702 1.53526 0.82557 0.951186
 1.1 0.128905 0.713459 0.003773 0.113443
 1.11 0.954946 1.54054 0.845005 0.943155
 1.11 0.133149 0.718742 0.023208 0.105642
 1.12 0.959383 1.54574 0.864201 0.93524
 1.12 0.137586 0.723946 0.042404 0.097952
 1.13 0.964011 1.55087 0.88316 0.927439
 1.13 0.142214 0.729073 0.061363 0.090373
 1.14 0.968827 1.55592 0.901885 0.919749
 1.14 0.147031 0.734123 0.080088 0.082903
 1.15 0.97383 1.5609 0.92038 0.91217
 1.15 0.152033 0.739099 0.098583 0.075541
 1.16 0.979016 1.5658 0.938646 0.9047
 1.16 0.157219 0.744 0.116849 0.068284
 1.17 0.984384 1.57062 0.956688 0.897338
 1.17 0.162587 0.748828 0.134891 0.061131
 1.18 0.989931 1.57538 0.974507 0.890081
 1.18 0.168134 0.753584 0.15271 0.054082
 1.19 0.995656 1.58007 0.992106 0.882928
 1.19 0.173859 0.758269 0.170309 0.047134
 1.2 1.00155 1.58468 1.00949 0.875879
 1.2 0.179758 0.762884 0.187692 0.040286
 1.21 1.00763 1.58923 1.02666 0.868931
 1.21 0.18583 0.76743 0.20486 0.033536
 1.22 1.01387 1.5937 1.04361 0.862083
 1.22 0.192072 0.771908 0.221817 0.026884
 1.23 1.02028 1.59812 1.06036 0.855333
 1.23 0.198483 0.776319 0.238564 0.020328
 1.24 1.02686 1.60246 1.0769 0.848681
 1.24 0.205061 0.780664 0.255106 0.013866
 1.25 1.0336 1.60674 1.09324 0.842125
 1.25 0.211803 0.784944 0.271444 0.007498
 1.26 1.0405 1.61096 1.10938 0.835663
 1.26 0.218707 0.789159 0.28758 0.001221
 1.27 1.04757 1.61511 1.12531 0.829295
 1.27 0.225772 0.793312 0.303518 -0.004965
 1.28 1.05479 1.6192 1.14106 0.823018
 1.28 0.232995 0.797402 0.319259 -0.011061
 1.29 1.06217 1.62323 1.1566 0.816832
 1.29 0.240374 0.801431 0.334807 -0.01707
 1.3 1.06971 1.6272 1.17196 0.810736
 1.3 0.247908 0.805399 0.350163 -0.022991
 1.31 1.07739 1.6311 1.18713 0.804727
 1.31 0.255595 0.809308 0.36533 -0.028827
 1.32 1.08523 1.63495 1.20211 0.798806
 1.32 0.263432 0.813157 0.38031 -0.034579
 1.33 1.09322 1.63875 1.2169 0.79297
 1.33 0.271418 0.816949 0.395105 -0.040247
 1.34 1.10135 1.64248 1.23152 0.787218
 1.34 0.279552 0.820684 0.409719 -0.045834
 1.35 1.10963 1.64616 1.24595 0.78155
 1.35 0.28783 0.824363 0.424153 -0.051339
 1.36 1.11805 1.64978 1.26021 0.775963
 1.36 0.296252 0.827986 0.438409 -0.056765
 1.37 1.12661 1.65335 1.27429 0.770458
 1.37 0.304816 0.831554 0.452489 -0.062112
 1.38 1.13532 1.65687 1.28819 0.765032
 1.38 0.313519 0.835069 0.466396 -0.067382
 1.39 1.14416 1.66033 1.30193 0.759685
 1.39 0.322361 0.83853 0.480132 -0.072575
 1.4 1.15314 1.66374 1.3155 0.754415
 1.4 0.331339 0.841939 0.493699 -0.077692
 1.41 1.16225 1.66709 1.3289 0.749222
 1.41 0.340452 0.845297 0.507099 -0.082736
 1.42 1.1715 1.6704 1.34213 0.744104
 1.42 0.349699 0.848604 0.520335 -0.087706
 1.43 1.18087 1.67366 1.3552 0.739061
 1.43 0.359076 0.85186 0.533407 -0.092604
 1.44 1.19038 1.67686 1.36812 0.734091
 1.44 0.368584 0.855068 0.546318 -0.097431
 1.45 1.20002 1.68002 1.38087 0.729193
 1.45 0.37822 0.858226 0.559071 -0.102188
 1.46 1.20978 1.68313 1.39346 0.724366
 1.46 0.387983 0.861337 0.571667 -0.106876
 1.47 1.21967 1.6862 1.4059 0.719609
 1.47 0.397871 0.864401 0.584107 -0.111495
 1.48 1.22968 1.68921 1.41819 0.714921
 1.48 0.407883 0.867418 0.596395 -0.116047
 1.49 1.23981 1.69219 1.43033 0.710302
 1.49 0.418016 0.870389 0.608532 -0.120533
 1.5 1.25007 1.69511 1.44232 0.70575
 1.5 0.428271 0.873315 0.620519 -0.124953
 1.51 1.26044 1.69799 1.45416 0.701264
 1.51 0.438644 0.876197 0.632359 -0.129309
 1.52 1.27093 1.70083 1.46585 0.696844
 1.52 0.449135 0.879034 0.644053 -0.133602
 1.53 1.28154 1.70363 1.4774 0.692488
 1.53 0.459743 0.881829 0.655604 -0.137832
 1.54 1.29226 1.70638 1.48881 0.688195
 1.54 0.470465 0.88458 0.667013 -0.142
 1.55 1.3031 1.70909 1.50008 0.683965
 1.55 0.481301 0.88729 0.678281 -0.146107
 1.56 1.31405 1.71176 1.51121 0.679797
 1.56 0.492248 0.889959 0.689411 -0.150154
 1.57 1.3251 1.71438 1.5222 0.67569
 1.57 0.503306 0.892586 0.700404 -0.154143
 1.58 1.33627 1.71697 1.53306 0.671642
 1.58 0.514474 0.895174 0.711261 -0.158073
 1.59 1.34755 1.71952 1.54378 0.667654
 1.59 0.525749 0.897722 0.721986 -0.161945
 1.6 1.35893 1.72203 1.55438 0.663724
 1.6 0.537131 0.90023 0.732578 -0.165761
 1.61 1.37042 1.7245 1.56484 0.659852
 1.61 0.548618 0.902701 0.743041 -0.169521
 1.62 1.38201 1.72693 1.57517 0.656036
 1.62 0.560209 0.905133 0.753375 -0.173226
 1.63 1.3937 1.72933 1.58538 0.652276
 1.63 0.571903 0.907529 0.763582 -0.176876
 1.64 1.4055 1.73168 1.59546 0.648571
 1.64 0.583699 0.909887 0.773663 -0.180473
 1.65 1.41739 1.73401 1.60542 0.644921
 1.65 0.595594 0.912209 0.783621 -0.184018
 1.66 1.42939 1.73629 1.61525 0.641324
 1.66 0.607589 0.914496 0.793456 -0.18751
 1.67 1.44148 1.73854 1.62497 0.637779
 1.67 0.619681 0.916747 0.80317 -0.190951
 1.68 1.45367 1.74076 1.63456 0.634287
 1.68 0.631869 0.918964 0.812766 -0.194342
 1.69 1.46595 1.74294 1.64404 0.630846
 1.69 0.644154 0.921146 0.822243 -0.197682
 1.7 1.47833 1.74509 1.6534 0.627455
 1.7 0.656532 0.923295 0.831604 -0.200974
 1.71 1.4908 1.74721 1.66265 0.624115
 1.71 0.669003 0.925411 0.84085 -0.204217
 1.72 1.50336 1.74929 1.67178 0.620823
 1.72 0.681567 0.927494 0.849982 -0.207413
 1.73 1.51602 1.75134 1.6808 0.61758
 1.73 0.694221 0.929544 0.859002 -0.210561
 1.74 1.52876 1.75336 1.68971 0.614384
 1.74 0.706964 0.931563 0.867912 -0.213663
 1.75 1.54159 1.75535 1.69851 0.611236
 1.75 0.719796 0.933551 0.876712 -0.21672
 1.76 1.55451 1.75731 1.7072 0.608133
 1.76 0.732716 0.935508 0.885404 -0.219731
 1.77 1.56752 1.75923 1.71579 0.605077
 1.77 0.745722 0.937435 0.89399 -0.222698
 1.78 1.58061 1.76113 1.72427 0.602066
 1.78 0.758813 0.939332 0.90247 -0.225622
 1.79 1.59379 1.763 1.73264 0.599099
 1.79 0.771989 0.941199 0.910846 -0.228502
 1.8 1.60704 1.76483 1.74092 0.596175
 1.8 0.785248 0.943037 0.919119 -0.231339
 1.81 1.62039 1.76664 1.74909 0.593295
 1.81 0.798589 0.944847 0.92729 -0.234135
 1.82 1.63381 1.76843 1.75716 0.590458
 1.82 0.812011 0.946629 0.935362 -0.236889
 1.83 1.64731 1.77018 1.76513 0.587662
 1.83 0.825514 0.948383 0.943334 -0.239603
 1.84 1.66089 1.77191 1.77301 0.584908
 1.84 0.839096 0.950109 0.951209 -0.242276
 1.85 1.67455 1.77361 1.78078 0.582194
 1.85 0.852756 0.951809 0.958986 -0.24491
 1.86 1.68829 1.77528 1.78847 0.579521
 1.86 0.866493 0.953482 0.966669 -0.247505
 1.87 1.7021 1.77693 1.79605 0.576887
 1.87 0.880307 0.955128 0.974257 -0.250062
 1.88 1.71599 1.77855 1.80355 0.574292
 1.88 0.894196 0.95675 0.981752 -0.25258
 1.89 1.72996 1.78014 1.81095 0.571735
 1.89 0.90816 0.958345 0.989156 -0.255061
 1.9 1.74399 1.78171 1.81827 0.569217
 1.9 0.922197 0.959916 0.996468 -0.257506
 1.91 1.7581 1.78326 1.82549 0.566736
 1.91 0.936307 0.961462 1.00369 -0.259914
 1.92 1.77229 1.78478 1.83262 0.564291
 1.92 0.950488 0.962984 1.01083 -0.262286
 1.93 1.78654 1.78628 1.83967 0.561883
 1.93 0.964741 0.964482 1.01787 -0.264623
 1.94 1.80086 1.78775 1.84663 0.559511
 1.94 0.979063 0.965956 1.02483 -0.266925
 1.95 1.81525 1.7892 1.8535 0.557174
 1.95 0.993455 0.967408 1.03171 -0.269193
 1.96 1.82971 1.79063 1.86029 0.554872
