 % mode 1
 0 68.39
 0.01 68.6674
 0.01 68.4479
 0.02 68.7239
 0.02 68.5055
 0.03 68.7801
 0.03 68.5629
 0.04 68.8361
 0.04 68.6199
 0.05 68.8918
 0.05 68.6767
 0.06 68.9472
 0.06 68.7331
 0.07 69.0023
 0.07 68.7893
 0.08 69.0571
 0.08 68.8452
 0.09 69.1117
 0.09 68.9009
 0.1 69.166
 0.1 68.9562
 0.11 69.2201
 0.11 69.0113
 0.12 69.2738
 0.12 69.0661
 0.13 69.3273
 0.13 69.1206
 0.14 69.3805
 0.14 69.1749
 0.15 69.4335
 0.15 69.2289
 0.16 69.4862
 0.16 69.2826
 0.17 69.5387
 0.17 69.3361
 0.18 69.5908
 0.18 69.3893
 0.19 69.6427
 0.19 69.4422
 0.2 69.6944
 0.2 69.4948
 0.21 69.7458
 0.21 69.5472
 0.22 69.7969
 0.22 69.5994
 0.23 69.8478
 0.23 69.6512
 0.24 69.8985
 0.24 69.7029
 0.25 69.9488
 0.25 69.7542
 0.26 69.999
 0.26 69.8053
 0.27 70.0489
 0.27 69.8562
 0.28 70.0985
 0.28 69.9068
 0.29 70.1479
 0.29 69.9571
 0.3 70.197
 0.3 70.0072
 0.31 70.2459
 0.31 70.057
 0.32 70.2946
 0.32 70.1066
 0.33 70.343
 0.33 70.156
 0.34 70.3911
 0.34 70.2051
 0.35 70.439
 0.35 70.2539
 0.36 70.4867
 0.36 70.3025
 0.37 70.5342
 0.37 70.3509
 0.38 70.5814
 0.38 70.399
 0.39 70.6284
 0.39 70.4469
 0.4 70.6751
 0.4 70.4945
 0.41 70.7216
 0.41 70.5419
 0.42 70.7679
 0.42 70.5891
 0.43 70.8139
 0.43 70.6361
 0.44 70.8598
 0.44 70.6828
 0.45 70.9053
 0.45 70.7292
 0.46 70.9507
 0.46 70.7755
 0.47 70.9958
 0.47 70.8215
 0.48 71.0407
 0.48 70.8673
 0.49 71.0854
 0.49 70.9128
 0.5 71.1299
 0.5 70.9581
 0.51 71.1741
 0.51 71.0032
 0.52 71.2181
 0.52 71.0481
 0.53 71.2619
 0.53 71.0927
 0.54 71.3055
 0.54 71.1372
 0.55 71.3489
 0.55 71.1814
 0.56 71.392
 0.56 71.2254
 0.57 71.435
 0.57 71.2691
 0.58 71.4777
 0.58 71.3127
 0.59 71.5202
 0.59 71.356
 0.6 71.5625
 0.6 71.3991
 0.61 71.6046
 0.61 71.442
 0.62 71.6464
 0.62 71.4847
 0.63 71.6881
 0.63 71.5272
 0.64 71.7296
 0.64 71.5694
 0.65 71.7708
 0.65 71.6115
 0.66 71.8119
 0.66 71.6533
 0.67 71.8527
 0.67 71.6949
 0.68 71.8933
 0.68 71.7363
 0.69 71.9338
 0.69 71.7776
 0.7 71.974
 0.7 71.8186
 0.71 72.014
 0.71 71.8594
 0.72 72.0539
 0.72 71.9
 0.73 72.0935
 0.73 71.9404
 0.74 72.1329
 0.74 71.9806
 0.75 72.1722
 0.75 72.0206
 0.76 72.2112
 0.76 72.0604
 0.77 72.25
 0.77 72.1
 0.78 72.2887
 0.78 72.1394
 0.79 72.3272
 0.79 72.1786
 0.8 72.3654
 0.8 72.2176
 0.81 72.4035
 0.81 72.2564
 0.82 72.4414
 0.82 72.295
 0.83 72.4791
 0.83 72.3334
 0.84 72.5166
 0.84 72.3717
 0.85 72.5539
 0.85 72.4097
 0.86 72.5911
 0.86 72.4476
 0.87 72.628
 0.87 72.4853
 0.88 72.6648
 0.88 72.5227
 0.89 72.7014
 0.89 72.56
 0.9 72.7378
 0.9 72.5971
 0.91 72.774
 0.91 72.6341
 0.92 72.81
 0.92 72.6708
 0.93 72.8459
 0.93 72.7074
 0.94 72.8816
 0.94 72.7437
 0.95 72.9171
 0.95 72.7799
 0.96 72.9524
 0.96 72.8159
 0.97 72.9875
 0.97 72.8518
 0.98 73.0225
 0.98 72.8874
 0.99 73.0573
 0.99 72.9229
 1 73.092
 1 72.9582
 1.01 73.1264
 1.01 72.9933
 1.02 73.1607
 1.02 73.0282
 1.03 73.1948
 1.03 73.063
 1.04 73.2287
 1.04 73.0976
 1.05 73.2625
 1.05 73.132
 1.06 73.2961
 1.06 73.1663
 1.07 73.3295
 1.07 73.2004
 1.08 73.3628
 1.08 73.2343
 1.09 73.3959
 1.09 73.268
 1.1 73.4289
 1.1 73.3016
 1.11 73.4616
 1.11 73.335
 1.12 73.4942
 1.12 73.3683
 1.13 73.5267
 1.13 73.4013
 1.14 73.559
 1.14 73.4342
 1.15 73.5911
 1.15 73.467
 1.16 73.6231
 1.16 73.4996
 1.17 73.6549
 1.17 73.532
 1.18 73.6865
 1.18 73.5643
 1.19 73.718
 1.19 73.5964
 1.2 73.7493
 1.2 73.6283
 1.21 73.7805
 1.21 73.6601
 1.22 73.8115
 1.22 73.6917
 1.23 73.8424
 1.23 73.7232
 1.24 73.8731
 1.24 73.7545
 1.25 73.9037
 1.25 73.7856
 1.26 73.9341
 1.26 73.8166
 1.27 73.9643
 1.27 73.8474
 1.28 73.9944
 1.28 73.8781
 1.29 74.0244
 1.29 73.9087
 1.3 74.0542
 1.3 73.939
 1.31 74.0838
 1.31 73.9693
 1.32 74.1133
 1.32 73.9994
 1.33 74.1427
 1.33 74.0293
 1.34 74.1719
 1.34 74.0591
 1.35 74.201
 1.35 74.0887
 1.36 74.2299
 1.36 74.1182
 1.37 74.2587
 1.37 74.1475
 1.38 74.2873
 1.38 74.1767
 1.39 74.3158
 1.39 74.2057
 1.4 74.3442
 1.4 74.2346
 1.41 74.3724
 1.41 74.2634
 1.42 74.4004
 1.42 74.292
 1.43 74.4284
 1.43 74.3205
 1.44 74.4562
 1.44 74.3488
 1.45 74.4838
 1.45 74.377
 1.46 74.5113
 1.46 74.405
 1.47 74.5387
 1.47 74.4329
 1.48 74.5659
 1.48 74.4607
 1.49 74.593
 1.49 74.4883
 1.5 74.62
 1.5 74.5158
 1.51 74.6468
 1.51 74.5432
 1.52 74.6735
 1.52 74.5704
 1.53 74.7001
 1.53 74.5975
 1.54 74.7265
 1.54 74.6244
 1.55 74.7528
 1.55 74.6512
 1.56 74.779
 1.56 74.6779
 1.57 74.805
 1.57 74.7045
 1.58 74.831
 1.58 74.7309
 1.59 74.8567
 1.59 74.7571
 1.6 74.8824
 1.6 74.7833
 1.61 74.9079
 1.61 74.8093
 1.62 74.9333
 1.62 74.8352
 1.63 74.9586
 1.63 74.861
 1.64 74.9837
 1.64 74.8866
 1.65 75.0087
 1.65 74.9121
 1.66 75.0336
 1.66 74.9375
 1.67 75.0584
 1.67 74.9627
 1.68 75.0831
 1.68 74.9878
 1.69 75.1076
 % mode 1
 0 68.77
 0.01 69.0455
 0.01 68.826
 0.02 69.1001
 0.02 68.8817
 0.03 69.1545
 0.03 68.9372
 0.04 69.2086
 0.04 68.9924
 0.05 69.2624
 0.05 69.0473
 0.06 69.3159
 0.06 69.1019
 0.07 69.3692
 0.07 69.1563
 0.08 69.4222
 0.08 69.2103
 0.09 69.475
 0.09 69.2641
 0.1 69.5275
 0.1 69.3177
 0.11 69.5797
 0.11 69.371
 0.12 69.6317
 0.12 69.424
 0.13 69.6834
 0.13 69.4767
 0.14 69.7349
 0.14 69.5292
 0.15 69.7861
 0.15 69.5814
 0.16 69.837
 0.16 69.6334
 0.17 69.8877
 0.17 69.6851
 0.18 69.9381
 0.18 69.7366
 0.19 69.9883
 0.19 69.7877
 0.2 70.0382
 0.2 69.8387
 0.21 70.0879
 0.21 69.8894
 0.22 70.1374
 0.22 69.9398
 0.23 70.1866
 0.23 69.99
 0.24 70.2355
 0.24 70.0399
 0.25 70.2842
 0.25 70.0896
 0.26 70.3327
 0.26 70.139
 0.27 70.3809
 0.27 70.1882
 0.28 70.4288
 0.28 70.2371
 0.29 70.4766
 0.29 70.2858
 0.3 70.5241
 0.3 70.3342
 0.31 70.5713
 0.31 70.3825
 0.32 70.6184
 0.32 70.4304
 0.33 70.6652
 0.33 70.4782
 0.34 70.7117
 0.34 70.5256
 0.35 70.758
 0.35 70.5729
 0.36 70.8041
 0.36 70.6199
 0.37 70.85
 0.37 70.6667
 0.38 70.8956
 0.38 70.7132
 0.39 70.941
 0.39 70.7596
 0.4 70.9862
 0.4 70.8057
 0.41 71.0312
 0.41 70.8515
 0.42 71.0759
 0.42 70.8971
 0.43 71.1204
 0.43 70.9425
 0.44 71.1647
 0.44 70.9877
 0.45 71.2088
 0.45 71.0327
 0.46 71.2526
 0.46 71.0774
 0.47 71.2963
 0.47 71.1219
 0.48 71.3397
 0.48 71.1662
 0.49 71.3829
 0.49 71.2102
 0.5 71.4258
 0.5 71.2541
 0.51 71.4686
 0.51 71.2977
 0.52 71.5111
 0.52 71.3411
 0.53 71.5535
 0.53 71.3843
 0.54 71.5956
 0.54 71.4272
 0.55 71.6375
 0.55 71.47
 0.56 71.6792
 0.56 71.5125
 0.57 71.7207
 0.57 71.5549
 0.58 71.762
 0.58 71.597
 0.59 71.8031
 0.59 71.6389
 0.6 71.844
 0.6 71.6806
 0.61 71.8847
 0.61 71.7221
 0.62 71.9252
 0.62 71.7634
 0.63 71.9654
 0.63 71.8045
 0.64 72.0055
 0.64 71.8453
 0.65 72.0454
 0.65 71.886
 0.66 72.085
 0.66 71.9265
 0.67 72.1245
 0.67 71.9668
 0.68 72.1638
 0.68 72.0068
 0.69 72.2029
 0.69 72.0467
 0.7 72.2418
 0.7 72.0864
 0.71 72.2805
 0.71 72.1258
 0.72 72.319
 0.72 72.1651
 0.73 72.3573
 0.73 72.2042
 0.74 72.3954
 0.74 72.2431
 0.75 72.4333
 0.75 72.2817
 0.76 72.4711
 0.76 72.3202
 0.77 72.5086
 0.77 72.3585
 0.78 72.546
 0.78 72.3967
 0.79 72.5832
 0.79 72.4346
 0.8 72.6201
 0.8 72.4723
 0.81 72.657
 0.81 72.5099
 0.82 72.6936
 0.82 72.5472
 0.83 72.73
 0.83 72.5844
 0.84 72.7663
 0.84 72.6214
 0.85 72.8024
 0.85 72.6582
 0.86 72.8383
 0.86 72.6948
 0.87 72.874
 0.87 72.7312
 0.88 72.9095
 0.88 72.7675
 0.89 72.9449
 0.89 72.8035
 0.9 72.9801
 0.9 72.8394
 0.91 73.0151
 0.91 72.8751
 0.92 73.0499
 0.92 72.9107
 0.93 73.0846
 0.93 72.946
 0.94 73.1191
 0.94 72.9812
 0.95 73.1534
 0.95 73.0162
 0.96 73.1875
 0.96 73.0511
 0.97 73.2215
 0.97 73.0857
 0.98 73.2553
 0.98 73.1202
 0.99 73.289
 0.99 73.1545
 1 73.3224
 1 73.1887
 1.01 73.3557
 1.01 73.2226
 1.02 73.3889
 1.02 73.2564
 1.03 73.4218
 1.03 73.2901
 1.04 73.4547
 1.04 73.3235
 1.05 73.4873
 1.05 73.3568
 1.06 73.5198
 1.06 73.39
 1.07 73.5521
 1.07 73.4229
 1.08 73.5843
 1.08 73.4557
 1.09 73.6163
 1.09 73.4884
 1.1 73.6481
 1.1 73.5209
 1.11 73.6798
 1.11 73.5532
 1.12 73.7113
 1.12 73.5853
 1.13 73.7427
 1.13 73.6173
 1.14 73.7739
 1.14 73.6491
 1.15 73.8049
 1.15 73.6808
 1.16 73.8358
 1.16 73.7123
 1.17 73.8666
 1.17 73.7437
 1.18 73.8972
 1.18 73.7749
 1.19 73.9276
 1.19 73.806
 1.2 73.9579
 1.2 73.8368
 1.21 73.988
 1.21 73.8676
 1.22 74.018
 1.22 73.8982
 1.23 74.0478
 1.23 73.9286
 1.24 74.0775
 1.24 73.9589
 1.25 74.1071
 1.25 73.989
 1.26 74.1365
 1.26 74.019
 1.27 74.1657
 1.27 74.0488
 1.28 74.1948
 1.28 74.0785
 1.29 74.2238
 1.29 74.108
 1.3 74.2526
 1.3 74.1374
 1.31 74.2812
 1.31 74.1667
 1.32 74.3098
 1.32 74.1958
 1.33 74.3381
 1.33 74.2247
 1.34 74.3664
 1.34 74.2535
 1.35 74.3945
 1.35 74.2822
 1.36 74.4224
 1.36 74.3107
 1.37 74.4502
 1.37 74.3391
 1.38 74.4779
 1.38 74.3673
 1.39 74.5055
 1.39 74.3954
 1.4 74.5329
 1.4 74.4233
 1.41 74.5601
 1.41 74.4512
 1.42 74.5873
 1.42 74.4788
 1.43 74.6143
 1.43 74.5064
 1.44 74.6411
 1.44 74.5338
 1.45 74.6679
 1.45 74.561
 1.46 74.6944
 1.46 74.5882
 1.47 74.7209
 1.47 74.6152
 1.48 74.7472
 1.48 74.642
 1.49 74.7734
 1.49 74.6687
 1.5 74.7995
 1.5 74.6953
 1.51 74.8254
 1.51 74.7218
 1.52 74.8513
 1.52 74.7481
 1.53 74.8769
 1.53 74.7743
 1.54 74.9025
 1.54 74.8004
 1.55 74.9279
 1.55 74.8263
 1.56 74.9532
 1.56 74.8521
 1.57 74.9784
 1.57 74.8778
 1.58 75.0034
 1.58 74.9033
 1.59 75.0283
 1.59 74.9287
 1.6 75.0531
 1.6 74.954
 1.61 75.0778
 1.61 74.9792
 1.62 75.1024
 % mode 1
 0 68.01
 0.01 68.2893
 0.01 68.0698
 0.02 68.3477
 0.02 68.1293
 0.03 68.4058
 0.03 68.1885
 0.04 68.4636
 0.04 68.2474
 0.05 68.5211
 0.05 68.306
 0.06 68.5784
 0.06 68.3644
 0.07 68.6354
 0.07 68.4224
 0.08 68.692
 0.08 68.4801
 0.09 68.7484
 0.09 68.5376
 0.1 68.8046
 0.1 68.5948
 0.11 68.8604
 0.11 68.6516
 0.12 68.916
 0.12 68.7082
 0.13 68.9712
 0.13 68.7646
 0.14 69.0262
 0.14 68.8206
 0.15 69.081
 0.15 68.8764
 0.16 69.1354
 0.16 68.9318
 0.17 69.1896
 0.17 68.987
 0.18 69.2435
 0.18 69.042
 0.19 69.2972
 0.19 69.0966
 0.2 69.3506
 0.2 69.151
 0.21 69.4037
 0.21 69.2051
 0.22 69.4565
 0.22 69.2589
 0.23 69.5091
 0.23 69.3125
 0.24 69.5614
 0.24 69.3658
 0.25 69.6135
 0.25 69.4189
 0.26 69.6653
 0.26 69.4716
 0.27 69.7168
 0.27 69.5241
 0.28 69.7681
 0.28 69.5764
 0.29 69.8192
 0.29 69.6284
 0.3 69.8699
 0.3 69.6801
 0.31 69.9205
 0.31 69.7316
 0.32 69.9707
 0.32 69.7828
 0.33 70.0208
 0.33 69.8338
 0.34 70.0705
 0.34 69.8845
 0.35 70.1201
 0.35 69.9349
 0.36 70.1693
 0.36 69.9851
 0.37 70.2184
 0.37 70.0351
 0.38 70.2671
 0.38 70.0848
 0.39 70.3157
 0.39 70.1342
 0.4 70.364
 0.4 70.1834
 0.41 70.4121
 0.41 70.2324
 0.42 70.4599
 0.42 70.2811
 0.43 70.5075
 0.43 70.3296
 0.44 70.5548
 0.44 70.3778
 0.45 70.6019
 0.45 70.4258
 0.46 70.6488
 0.46 70.4735
 0.47 70.6954
 0.47 70.5211
 0.48 70.7418
 0.48 70.5683
 0.49 70.788
 0.49 70.6154
 0.5 70.8339
 0.5 70.6622
 0.51 70.8797
 0.51 70.7088
 0.52 70.9251
 0.52 70.7551
 0.53 70.9704
 0.53 70.8012
 0.54 71.0154
 0.54 70.8471
 0.55 71.0603
 0.55 70.8927
 0.56 71.1048
 0.56 70.9382
 0.57 71.1492
 0.57 70.9833
 0.58 71.1934
 0.58 71.0283
 0.59 71.2373
 0.59 71.0731
 0.6 71.281
 0.6 71.1176
 0.61 71.3245
 0.61 71.1619
 0.62 71.3677
 0.62 71.206
 0.63 71.4108
 0.63 71.2498
 0.64 71.4536
 0.64 71.2935
 0.65 71.4963
 0.65 71.3369
 0.66 71.5387
 0.66 71.3801
 0.67 71.5809
 0.67 71.4231
 0.68 71.6229
 0.68 71.4659
 0.69 71.6646
 0.69 71.5084
 0.7 71.7062
 0.7 71.5508
 0.71 71.7476
 0.71 71.5929
 0.72 71.7887
 0.72 71.6349
 0.73 71.8297
 0.73 71.6766
 0.74 71.8704
 0.74 71.7181
 0.75 71.911
 0.75 71.7594
 0.76 71.9513
 0.76 71.8005
 0.77 71.9915
 0.77 71.8414
 0.78 72.0314
 0.78 71.8821
 0.79 72.0712
 0.79 71.9226
 0.8 72.1107
 0.8 71.9629
 0.81 72.1501
 0.81 72.0029
 0.82 72.1892
 0.82 72.0428
 0.83 72.2282
 0.83 72.0825
 0.84 72.2669
 0.84 72.122
 0.85 72.3055
 0.85 72.1613
 0.86 72.3439
 0.86 72.2004
 0.87 72.3821
 0.87 72.2393
 0.88 72.42
 0.88 72.278
 0.89 72.4579
 0.89 72.3165
 0.9 72.4955
 0.9 72.3548
 0.91 72.5329
 0.91 72.393
 0.92 72.5701
 0.92 72.4309
 0.93 72.6072
 0.93 72.4687
 0.94 72.6441
 0.94 72.5062
 0.95 72.6808
 0.95 72.5436
 0.96 72.7173
 0.96 72.5808
 0.97 72.7536
 0.97 72.6178
 0.98 72.7897
 0.98 72.6546
 0.99 72.8257
 0.99 72.6912
 1 72.8615
 1 72.7277
 1.01 72.8971
 1.01 72.764
 1.02 72.9325
 1.02 72.8001
 1.03 72.9677
 1.03 72.836
 1.04 73.0028
 1.04 72.8717
 1.05 73.0377
 1.05 72.9073
 1.06 73.0724
 1.06 72.9426
 1.07 73.107
 1.07 72.9778
 1.08 73.1414
 1.08 73.0128
 1.09 73.1756
 1.09 73.0477
 1.1 73.2096
 1.1 73.0824
 1.11 73.2435
 1.11 73.1169
 1.12 73.2772
 1.12 73.1512
 1.13 73.3107
 1.13 73.1854
 1.14 73.3441
 1.14 73.2193
 1.15 73.3773
 1.15 73.2532
 1.16 73.4103
 1.16 73.2868
 1.17 73.4432
 1.17 73.3203
 1.18 73.4759
 1.18 73.3536
 1.19 73.5084
 1.19 73.3868
 1.2 73.5408
 1.2 73.4197
 1.21 73.573
 1.21 73.4526
 1.22 73.6051
 1.22 73.4852
 1.23 73.637
 1.23 73.5177
 1.24 73.6687
 1.24 73.55
 1.25 73.7003
 1.25 73.5822
 1.26 73.7317
 1.26 73.6142
 1.27 73.763
 1.27 73.6461
 1.28 73.7941
 1.28 73.6778
 1.29 73.825
 1.29 73.7093
 1.3 73.8558
 1.3 73.7407
 1.31 73.8865
 1.31 73.7719
 1.32 73.9169
 1.32 73.803
 1.33 73.9473
 1.33 73.8339
 1.34 73.9775
 1.34 73.8646
 1.35 74.0075
 1.35 73.8952
 1.36 74.0374
 1.36 73.9257
 1.37 74.0671
 1.37 73.956
 1.38 74.0967
 1.38 73.9861
 1.39 74.1262
 1.39 74.0161
 1.4 74.1555
 1.4 74.0459
 1.41 74.1846
 1.41 74.0756
 1.42 74.2136
 1.42 74.1052
 1.43 74.2425
 1.43 74.1346
 1.44 74.2712
 1.44 74.1638
 1.45 74.2998
 1.45 74.1929
 1.46 74.3282
 1.46 74.2219
 1.47 74.3565
 1.47 74.2507
 1.48 74.3846
 1.48 74.2794
 1.49 74.4126
 1.49 74.3079
 1.5 74.4405
 1.5 74.3363
 1.51 74.4682
 1.51 74.3646
 1.52 74.4958
 1.52 74.3927
 1.53 74.5233
 1.53 74.4206
 1.54 74.5506
 1.54 74.4485
 1.55 74.5778
 1.55 74.4762
 1.56 74.6048
 1.56 74.5037
 1.57 74.6317
 1.57 74.5311
 1.58 74.6585
 1.58 74.5584
 1.59 74.6851
 1.59 74.5855
 1.6 74.7116
 1.6 74.6125
 1.61 74.738
 1.61 74.6394
 1.62 74.7643
 1.62 74.6662
 1.63 74.7904
 1.63 74.6928
 1.64 74.8164
 1.64 74.7192
 1.65 74.8422
 1.65 74.7456
 1.66 74.8679
 1.66 74.7718
 1.67 74.8935
 1.67 74.7978
 1.68 74.919
 1.68 74.8238
 1.69 74.9443
 1.69 74.8496
 1.7 74.9696
 1.7 74.8753
 1.71 74.9947
 1.71 74.9009
 1.72 75.0196
 1.72 74.9263
 1.73 75.0445
 1.73 74.9516
 1.74 75.0692
 1.74 74.9768
 1.75 75.0938
 % mode 2 unsafe
 1.57 74.8678
 1.58 75.0429
 1.58 74.7936
 1.59 74.9678
 1.59 74.7198
 1.6 74.8932
 1.6 74.6464
 1.61 74.8189
 1.61 74.5733
 1.62 74.745
 1.62 74.5007
 1.63 74.6715
 1.63 74.4283
 1.64 74.5983
 1.64 74.3564
 1.65 74.5255
 1.65 74.2848
 1.66 74.453
 1.66 74.2135
 1.67 74.3809
 1.67 74.1426
 1.68 74.3092
 1.68 74.0721
 1.69 74.2379
 1.69 74.0019
 1.7 74.1668
 1.7 73.9321
 1.71 74.0962
 1.71 73.8626
 1.72 74.0259
 1.72 73.7935
 1.73 73.9559
 1.73 73.7247
 1.74 73.8863
 1.74 73.6562
 1.75 73.8171
 1.75 73.5881
 1.76 73.7482
 1.76 73.5203
 1.77 73.6796
 1.77 73.4529
 1.78 73.6114
 1.78 73.3858
 1.79 73.5435
 1.79 73.319
 1.8 73.4759
 1.8 73.2526
 1.81 73.4087
 1.81 73.1865
 1.82 73.3418
 1.82 73.1207
 1.83 73.2753
 1.83 73.0553
 1.84 73.2091
 1.84 72.9902
 1.85 73.1432
 1.85 72.9254
 1.86 73.0776
 1.86 72.8609
 1.87 73.0124
 1.87 72.7968
 1.88 72.9475
 1.88 72.733
 1.89 72.8829
 1.89 72.6695
 1.9 72.8187
 1.9 72.6063
 1.91 72.7548
 1.91 72.5434
 1.92 72.6911
 1.92 72.4808
 1.93 72.6278
 1.93 72.4186
 1.94 72.5649
 1.94 72.3567
 1.95 72.5022
 1.95 72.295
 1.96 72.4398
 1.96 72.2337
 1.97 72.3778
 1.97 72.1727
 1.98 72.3161
 1.98 72.112
 1.99 72.2546
 1.99 72.0516
 2 72.1935
 2 71.9915
 2.01 72.1327
 2.01 71.9316
 2.02 72.0722
 2.02 71.8721
 2.03 72.012
 2.03 71.8129
 2.04 71.9521
 2.04 71.754
 2.05 71.8925
 2.05 71.6954
 2.06 71.8331
 2.06 71.6371
 2.07 71.7741
 2.07 71.579
 2.08 71.7154
 2.08 71.5213
 2.09 71.657
 2.09 71.4638
 2.1 71.5988
 2.1 71.4066
 2.11 71.541
 2.11 71.3497
 2.12 71.4834
 2.12 71.2931
 2.13 71.4261
 2.13 71.2368
 2.14 71.3692
 2.14 71.1808
 2.15 71.3125
 2.15 71.125
 2.16 71.256
 2.16 71.0695
 2.17 71.1999
 2.17 71.0143
 2.18 71.144
 2.18 70.9594
 2.19 71.0885
 2.19 70.9047
 2.2 71.0331
 2.2 70.8503
 2.21 70.9781
 2.21 70.7962
 2.22 70.9234
 2.22 70.7424
 2.23 70.8689
 2.23 70.6888
 2.24 70.8147
 2.24 70.6355
 2.25 70.7607
 2.25 70.5824
 2.26 70.7071
 2.26 70.5296
 2.27 70.6537
 2.27 70.4771
 2.28 70.6005
 2.28 70.4249
 2.29 70.5477
 2.29 70.3729
 2.3 70.4951
 2.3 70.3211
 2.31 70.4427
 2.31 70.2697
 2.32 70.3906
 2.32 70.2184
 2.33 70.3388
 2.33 70.1675
 2.34 70.2872
 2.34 70.1168
 2.35 70.2359
 2.35 70.0663
 2.36 70.1849
 2.36 70.0161
 2.37 70.1341
 2.37 69.9662
 2.38 70.0835
 2.38 69.9164
 2.39 70.0332
 2.39 69.867
 2.4 69.9832
 2.4 69.8178
 2.41 69.9334
 2.41 69.7688
 2.42 69.8839
 2.42 69.7201
 2.43 69.8346
 2.43 69.6716
 2.44 69.7855
 2.44 69.6234
 2.45 69.7367
 2.45 69.5754
 2.46 69.6882
 2.46 69.5276
 2.47 69.6398
 2.47 69.4801
 2.48 69.5918
 2.48 69.4328
 2.49 69.5439
 2.49 69.3858
 2.5 69.4963
 2.5 69.339
 2.51 69.449
 2.51 69.2924
 2.52 69.4018
 2.52 69.246
 2.53 69.3549
 2.53 69.1999
 2.54 69.3083
 2.54 69.154
 2.55 69.2619
 2.55 69.1084
 2.56 69.2157
 2.56 69.0629
 2.57 69.1697
 2.57 69.0177
 2.58 69.124
 2.58 68.9728
 2.59 69.0785
 2.59 68.928
 2.6 69.0332
 2.6 68.8835
 2.61 68.9881
 2.61 68.8392
 2.62 68.9433
 2.62 68.7951
 2.63 68.8987
 2.63 68.7512
 2.64 68.8543
 2.64 68.7076
 2.65 68.8101
 2.65 68.6642
 2.66 68.7662
 2.66 68.6209
 2.67 68.7225
 2.67 68.5779
 2.68 68.679
 2.68 68.5352
 2.69 68.6357
 2.69 68.4926
 2.7 68.5926
 2.7 68.4502
 2.71 68.5498
 2.71 68.4081
 2.72 68.5071
 2.72 68.3662
 2.73 68.4647
 2.73 68.3244
 2.74 68.4225
 2.74 68.2829
 2.75 68.3805
 2.75 68.2416
 2.76 68.3387
 2.76 68.2005
 2.77 68.2971
 2.77 68.1596
 2.78 68.2557
 2.78 68.1189
 2.79 68.2145
 2.79 68.0784
 2.8 68.1736
 2.8 68.0381
 2.81 68.1328
 2.81 67.998
 2.82 68.0922
 2.82 67.9581
 2.83 68.0519
 2.83 67.9184
 2.84 68.0117
 2.84 67.8789
 2.85 67.9718
 2.85 67.8397
 2.86 67.932
 2.86 67.8006
 2.87 67.8924
 2.87 67.7616
 2.88 67.8531
 2.88 67.7229
 2.89 67.8139
 2.89 67.6844
 2.9 67.7749
 2.9 67.6461
 2.91 67.7362
 2.91 67.608
 2.92 67.6976
 2.92 67.57
 2.93 67.6592
 2.93 67.5323
 2.94 67.621
 2.94 67.4947
 2.95 67.583
 2.95 67.4573
 2.96 67.5451
 2.96 67.4201
 2.97 67.5075
 2.97 67.3831
 2.98 67.4701
 2.98 67.3463
 2.99 67.4328
 2.99 67.3096
 3 67.3957
 3 67.2732
 3.01 67.3589
 3.01 67.2369
 3.02 67.3222
 3.02 67.2008
 3.03 67.2856
 3.03 67.1649
 3.04 67.2493
 3.04 67.1292
 3.05 67.2131
 3.05 67.0936
 3.06 67.1772
 3.06 67.0582
 3.07 67.1414
 3.07 67.023
 3.08 67.1058
 3.08 66.988
 3.09 67.0703
 3.09 66.9531
 3.1 67.035
 3.1 66.9185
 3.11 67
 3.11 66.884
 3.12 66.965
 3.12 66.8496
 3.13 66.9303
 3.13 66.8155
 3.14 66.8957
 3.14 66.7815
 3.15 66.8614
 3.15 66.7477
 3.16 66.8271
 3.16 66.714
 3.17 66.7931
 3.17 66.6805
 3.18 66.7592
 3.18 66.6472
 3.19 66.7255
 3.19 66.614
 3.2 66.6919
 3.2 66.5811
 3.21 66.6586
 3.21 66.5482
 3.22 66.6254
 3.22 66.5156
 3.23 66.5923
 3.23 66.4831
 3.24 66.5594
 3.24 66.4507
 3.25 66.5267
 3.25 66.4186
 3.26 66.4942
 3.26 66.3866
 3.27 66.4618
 3.27 66.3547
 3.28 66.4295
 3.28 66.323
 3.29 66.3975
 3.29 66.2915
 3.3 66.3656
 3.3 66.2601
 3.31 66.3338
 3.31 66.2289
 3.32 66.3022
 3.32 66.1978
 3.33 66.2708
 3.33 66.1669
 3.34 66.2395
 3.34 66.1361
 3.35 66.2084
 3.35 66.1055
 3.36 66.1774
 3.36 66.0751
 3.37 66.1466
 3.37 66.0448
 3.38 66.116
 3.38 66.0146
 3.39 66.0855
 3.39 65.9846
 3.4 66.0551
 3.4 65.9548
 3.41 66.0249
 3.41 65.9251
 3.42 65.9949
 3.42 65.8955
 3.43 65.965
 3.43 65.8661
 3.44 65.9352
 3.44 65.8369
 3.45 65.9056
 3.45 65.8078
 3.46 65.8762
 3.46 65.7788
 3.47 65.8469
 3.47 65.75
 3.48 65.8177
 3.48 65.7213
 3.49 65.7887
 3.49 65.6928
 3.5 65.7598
 3.5 65.6644
 3.51 65.7311
 3.51 65.6361
 3.52 65.7025
 3.52 65.608
 3.53 65.6741
 3.53 65.58
 3.54 65.6458
 3.54 65.5522
 3.55 65.6176
 3.55 65.5245
 3.56 65.5896
 3.56 65.497
 3.57 65.5617
 3.57 65.4695
 3.58 65.534
 3.58 65.4423
 3.59 65.5064
 3.59 65.4151
 3.6 65.4789
 3.6 65.3881
 3.61 65.4516
 3.61 65.3612
 3.62 65.4244
 3.62 65.3345
 3.63 65.3973
 3.63 65.3079
 3.64 65.3704
 3.64 65.2814
 3.65 65.3436
 3.65 65.2551
 3.66 65.317
 3.66 65.2289
 3.67 65.2905
 3.67 65.2028
 3.68 65.2641
 3.68 65.1768
 3.69 65.2378
 3.69 65.151
 3.7 65.2117
 3.7 65.1253
 3.71 65.1857
 3.71 65.0998
 3.72 65.1598
 3.72 65.0743
 3.73 65.1341
 3.73 65.049
 3.74 65.1085
 3.74 65.0238
 3.75 65.083
 3.75 64.9988
 3.76 65.0577
 3.76 64.9739
 3.77 65.0324
 3.77 64.949
 3.78 65.0073
