 % mode 1
 0 1.39608 0.658084
 0.0100002 3.62876 1.80197
 0.0100002 1.34724 0.582698
 0.0200003 3.72561 1.79885
 0.0200003 1.35524 0.538002
 0.0300004 3.76231 1.76789
 0.0300004 1.36231 0.495182
 0.0400005 3.79656 1.73801
 0.0400005 1.36844 0.454291
 0.0500006 3.8283 1.70925
 0.0500006 1.37364 0.415368
 0.0600007 3.8575 1.68163
 0.0600007 1.37794 0.378434
 0.0700008 3.88414 1.65515
 0.0700008 1.38135 0.343498
 0.0800009 3.90822 1.62984
 0.0800009 1.38389 0.310551
 0.090001 3.92978 1.60567
 0.090001 1.38559 0.279576
 0.100002 3.94883 1.58265
 0.100002 1.38649 0.250541
 0.110002 3.96543 1.56075
 0.110002 1.3866 0.223405
 0.120002 3.97965 1.53996
 0.120002 1.38597 0.198119
 0.130002 3.99155 1.52025
 0.130002 1.38463 0.174626
 0.140002 4.00123 1.50158
 0.140002 1.38261 0.152861
 0.150002 4.00877 1.48394
 0.150002 1.37995 0.132758
 0.160002 4.01427 1.46728
 0.160002 1.37619 0.114244
 0.170002 4.01831 1.45156
 0.170002 1.37113 0.0972296
 0.180002 4.02124 1.43677
 0.180002 1.36551 0.0816203
 0.190002 4.02244 1.42289
 0.190002 1.35938 0.0673423
 0.200003 4.02202 1.40988
 0.200003 1.35276 0.0543231
 0.210003 4.02007 1.39769
 0.210003 1.34568 0.0424911
 0.220003 4.01669 1.3863
 0.220003 1.33819 0.0317768
 0.230003 4.01199 1.37565
 0.230003 1.3303 0.0221128
 0.240003 4.00604 1.36571
 0.240003 1.32205 0.0134343
 0.250003 3.99895 1.35644
 0.250003 1.31347 0.00567965
 0.260003 3.99079 1.34781
 0.260003 1.30458 -0.00120988
 0.270003 3.98165 1.33978
 0.270003 1.29541 -0.00728981
 0.280003 3.9716 1.33231
 0.280003 1.28599 -0.0126124
 0.290003 3.96072 1.32537
 0.290003 1.27634 -0.0172271
 0.300004 3.94906 1.31893
 0.300004 1.26648 -0.0211799
 0.310004 3.9367 1.31296
 0.310004 1.25645 -0.0245141
 0.320004 3.92368 1.30742
 0.320004 1.24626 -0.0272701
 0.330004 3.91007 1.3023
 0.330004 1.23593 -0.0294857
 0.340004 3.89591 1.29756
 0.340004 1.22548 -0.0311962
 0.350004 3.88125 1.29318
 0.350004 1.21494 -0.0324344
 0.360004 3.86614 1.28914
 0.360004 1.20432 -0.033231
 0.370004 3.85061 1.28541
 0.370004 1.19363 -0.0336145
 0.380004 3.8347 1.28197
 0.380004 1.18289 -0.0336116
 0.390004 3.81845 1.2788
 0.390004 1.17212 -0.0332469
 0.400005 3.80189 1.27589
 0.400005 1.16133 -0.0325435
 0.410005 3.78505 1.27322
 0.410005 1.15053 -0.0315228
 0.420005 3.76795 1.27077
 0.420005 1.13974 -0.0302049
 0.430005 3.75062 1.26853
 0.430005 1.12896 -0.0286082
 0.440005 3.7331 1.26648
 0.440005 1.1182 -0.026852
 0.450005 3.71539 1.26471
 0.450005 1.10747 -0.0249512
 0.460005 3.69752 1.26322
 0.460005 1.09677 -0.022812
 0.470005 3.67952 1.26187
 0.470005 1.08611 -0.0204488
 0.480005 3.6614 1.26066
 0.480005 1.0755 -0.0178752
 0.490005 3.64318 1.25959
 0.490005 1.06495 -0.0151038
 0.500006 3.62487 1.25863
 0.500006 1.05446 -0.0121463
 0.510006 3.6065 1.25779
 0.510006 1.04403 -0.00901381
 0.520006 3.58806 1.25706
 0.520006 1.03367 -0.00571636
 0.530006 3.56957 1.25643
 0.530006 1.02339 -0.00226356
 0.540006 3.55105 1.25589
 0.540006 1.0132 0.00133569
 0.550006 3.53249 1.25544
 0.550006 1.00308 0.00507307
 0.560006 3.51392 1.25507
 0.560006 0.993053 0.0089408
 0.570006 3.49534 1.25479
 0.570006 0.983119 0.0129317
 0.580006 3.47676 1.25457
 0.580006 0.973279 0.0170388
 0.590006 3.45818 1.25443
 0.590006 0.963536 0.0212558
 0.600007 3.43961 1.25434
 0.600007 0.953891 0.0255768
 0.610007 3.42107 1.25432
 0.610007 0.944348 0.0299962
 0.620007 3.40254 1.25436
 0.620007 0.934906 0.0345086
 0.630007 3.38405 1.25446
 0.630007 0.925569 0.0391093
 0.640007 3.36559 1.2546
 0.640007 0.916337 0.0437936
 0.650007 3.34717 1.25479
 0.650007 0.907212 0.0485572
 0.660007 3.3288 1.25503
 0.660007 0.898194 0.0533959
 0.670007 3.31047 1.25531
 0.670007 0.889284 0.0583059
 0.680007 3.2922 1.25564
 0.680007 0.880482 0.0632836
 0.690007 3.27398 1.256
 0.690007 0.871791 0.0683257
 0.700008 3.25582 1.2564
 0.700008 0.863208 0.0734288
 0.710008 3.23772 1.25683
 0.710008 0.854736 0.07859
 0.720008 3.21969 1.2573
 0.720008 0.846374 0.0838063
 0.730008 3.20172 1.2578
 0.730008 0.838121 0.0890751
 0.740008 3.18382 1.25833
 0.740008 0.829979 0.0943939
 0.750008 3.166 1.25889
 0.750008 0.821947 0.0997601
 0.760008 3.14824 1.25948
 0.760008 0.814025 0.105172
 0.770008 3.13056 1.2601
 0.770008 0.806213 0.110626
 0.780008 3.11296 1.26074
 0.780008 0.798509 0.116122
 0.790008 3.09544 1.2614
 0.790008 0.790915 0.121656
 0.800009 3.078 1.26209
 0.800009 0.783428 0.127227
 0.810009 3.06064 1.2628
 0.810009 0.77605 0.132834
 0.820009 3.04336 1.26353
 0.820009 0.768779 0.138474
 0.830009 3.02617 1.26429
 0.830009 0.761615 0.144146
 0.840009 3.00906 1.26506
 0.840009 0.754558 0.149849
 0.850009 2.99203 1.26585
 0.850009 0.747606 0.155581
 0.860009 2.9751 1.26666
 0.860009 0.740758 0.16134
 0.870009 2.95825 1.26749
 0.870009 0.734015 0.167126
 0.880009 2.94149 1.26834
 0.880009 0.727376 0.172937
 0.890009 2.92481 1.2692
 0.890009 0.720839 0.178771
 0.90001 2.90823 1.27008
 0.90001 0.714404 0.184628
 0.91001 2.89174 1.27097
 0.91001 0.708071 0.190506
 0.92001 2.87533 1.27188
 0.92001 0.701838 0.196405
 0.93001 2.85902 1.27281
 0.93001 0.695704 0.202323
 0.94001 2.8428 1.27375
 0.94001 0.689669 0.20826
 0.95001 2.82667 1.2747
 0.95001 0.683733 0.214213
 0.96001 2.81064 1.27567
 0.96001 0.677893 0.220184
 0.97001 2.79469 1.27665
 0.97001 0.672149 0.226169
 0.98001 2.77884 1.27764
 0.98001 0.6665 0.23217
 0.99001 2.76308 1.27864
 0.99001 0.660946 0.238184
 1.00002 2.74741 1.27966
 1.00002 0.655486 0.244211
 1.01002 2.73184 1.28069
 1.01002 0.650118 0.250251
 1.02002 2.71636 1.28173
 1.02002 0.644842 0.256302
 1.03002 2.70097 1.28278
 1.03002 0.639657 0.262364
 1.04002 2.68567 1.28385
 1.04002 0.634561 0.268437
 1.05002 2.67047 1.28492
 1.05002 0.629555 0.274518
 1.06002 2.65536 1.28601
 1.06002 0.624637 0.280609
 1.07002 2.64034 1.2871
 1.07002 0.619806 0.286707
 1.08002 2.62542 1.28821
 1.08002 0.615061 0.292813
 1.09002 2.61059 1.28932
 1.09002 0.610402 0.298927
 1.10002 2.59585 1.29045
 1.10002 0.605827 0.305046
 1.11002 2.5812 1.29158
 1.11002 0.601336 0.311171
 1.12002 2.56665 1.29273
 1.12002 0.596927 0.317302
 1.13002 2.55219 1.29388
 1.13002 0.5926 0.323437
 1.14002 2.53782 1.29505
 1.14002 0.588354 0.329576
 1.15002 2.52354 1.29622
 1.15002 0.584189 0.33572
 1.16002 2.50935 1.2974
 1.16002 0.580102 0.341866
 1.17002 2.49526 1.29859
 1.17002 0.576093 0.348015
 1.18002 2.48125 1.29979
 1.18002 0.572162 0.354166
 1.19002 2.46734 1.301
 1.19002 0.568308 0.360319
 1.20002 2.45352 1.30222
 1.20002 0.564528 0.366474
 1.21002 2.43979 1.30344
 1.21002 0.560824 0.372629
 1.22002 2.42615 1.30467
 1.22002 0.557194 0.378785
 1.23002 2.4126 1.30592
 1.23002 0.553636 0.384941
 1.24002 2.39914 1.30716
 1.24002 0.550151 0.391097
 1.25002 2.38577 1.30842
 1.25002 0.546737 0.397252
 1.26002 2.37249 1.30969
 1.26002 0.543393 0.403405
 1.27002 2.35929 1.31096
 1.27002 0.540119 0.409558
 1.28002 2.34619 1.31224
 1.28002 0.536914 0.415708
 1.29002 2.33318 1.31353
 1.29002 0.533777 0.421856
 1.30002 2.32025 1.31482
 1.30002 0.530707 0.428002
 1.31002 2.30741 1.31612
 1.31002 0.527703 0.434145
 1.32002 2.29466 1.31743
 1.32002 0.524765 0.440284
 1.33002 2.282 1.31875
 1.33002 0.521892 0.44642
 1.34002 2.26942 1.32007
 1.34002 0.519082 0.452552
 1.35002 2.25693 1.3214
 1.35002 0.516336 0.45868
 1.36002 2.24453 1.32274
 1.36002 0.513652 0.464803
 1.37002 2.23221 1.32409
 1.37002 0.511029 0.470921
 1.38002 2.21998 1.32544
 1.38002 0.508467 0.477034
 1.39002 2.20783 1.3268
 1.39002 0.505966 0.483142
 1.40002 2.19577 1.32816
 1.40002 0.503523 0.489244
 1.41002 2.1838 1.32953
 1.41002 0.501139 0.49534
 1.42002 2.1719 1.33091
 1.42002 0.498813 0.501429
 1.43002 2.1601 1.33229
 1.43002 0.496544 0.507513
 1.44002 2.14837 1.33369
 1.44002 0.494331 0.513589
 1.45002 2.13673 1.33508
 1.45002 0.492174 0.519658
 1.46002 2.12518 1.33649
 1.46002 0.490072 0.525719
 1.47002 2.1137 1.33789
 1.47002 0.488023 0.531773
 1.48002 2.10231 1.33931
 1.48002 0.486028 0.53782
 1.49002 2.091 1.34073
 1.49002 0.484086 0.543858
 1.50002 2.07977 1.34216
 1.50002 0.482196 0.549887
 1.51002 2.06863 1.34359
 1.51002 0.480357 0.555908
 1.52002 2.05756 1.34503
 1.52002 0.478569 0.561921
 1.53002 2.04658 1.34648
 1.53002 0.476831 0.567924
 1.54002 2.03567 1.34793
 1.54002 0.475142 0.573918
 1.55002 2.02485 1.34939
 1.55002 0.473502 0.579902
 1.56002 2.0141 1.35085
 1.56002 0.471909 0.585877
 1.57002 2.00344 1.35232
 1.57002 0.470364 0.591842
 1.58002 1.99285 1.35379
 1.58002 0.468866 0.597797
 1.59002 1.98235 1.35527
 1.59002 0.467414 0.603741
 1.60002 1.97192 1.35675
 1.60002 0.466007 0.609675
 1.61002 1.96157 1.35824
 1.61002 0.464645 0.615598
 1.62002 1.95129 1.35974
 1.62002 0.463327 0.62151
 1.63002 1.9411 1.36124
 1.63002 0.462053 0.627411
 1.64002 1.93098 1.36274
 1.64002 0.460821 0.633301
 1.65002 1.92093 1.36425
 1.65002 0.459632 0.63918
 1.66002 1.91097 1.36577
 1.66002 0.458485 0.645047
 1.67002 1.90107 1.36729
 1.67002 0.457378 0.650902
 1.68002 1.89126 1.36882
 1.68002 0.456313 0.656745
 1.69002 1.88152 1.37035
 1.69002 0.455287 0.662576
 1.70002 1.87185 1.37188
 1.70002 0.454301 0.668394
 1.71002 1.86226 1.37342
 1.71002 0.453354 0.6742
 1.72002 1.85274 1.37497
 1.72002 0.452445 0.679994
 1.73002 1.8433 1.37652
 1.73002 0.451573 0.685774
 1.74002 1.83393 1.37807
 1.74002 0.450739 0.691542
 1.75002 1.82463 1.37963
 1.75002 0.449942 0.697297
 1.76002 1.81541 1.3812
 1.76002 0.44918 0.703038
 1.77002 1.80626 1.38277
 1.77002 0.448454 0.708767
 1.78002 1.79718 1.38434
 1.78002 0.447764 0.714481
 1.79002 1.78817 1.38592
 1.79002 0.447107 0.720182
 1.80002 1.77923 1.3875
 1.80002 0.446485 0.725869
 1.81002 1.77036 1.38908
 1.81002 0.445897 0.731543
 1.82002 1.76157 1.39068
 1.82002 0.445341 0.737202
 1.83002 1.75284 1.39227
 1.83002 0.444818 0.742847
 1.84002 1.74418 1.39387
 1.84002 0.444327 0.748478
 1.85002 1.73559 1.39547
 1.85002 0.443867 0.754095
 1.86002 1.72708 1.39708
 1.86002 0.443439 0.759697
 1.87002 1.71863 1.39869
 1.87002 0.443041 0.765284
 1.88002 1.71025 1.4003
 1.88002 0.442674 0.770856
 1.89002 1.70193 1.40192
 1.89002 0.442336 0.776414
 1.90002 1.69369 1.40355
 1.90002 0.442016 0.781952
 1.91002 1.68552 1.40518
 1.91002 0.441672 0.787447
 1.92002 1.67747 1.40684
 1.92002 0.441304 0.792902
 1.93002 1.66954 1.40853
 1.93002 0.440913 0.798316
 1.94002 1.66173 1.41025
 1.94002 0.440502 0.80369
 1.95002 1.65404 1.412
 1.95002 0.44007 0.809025
 1.96002 1.64645 1.41378
 1.96002 0.43962 0.814323
 1.97002 1.63898 1.41558
 1.97002 0.439152 0.819582
 1.98002 1.63161 1.41741
 1.98002 0.438667 0.824805
 1.99002 1.62435 1.41926
 1.99002 0.438167 0.829992
 2.00003 1.6172 1.42113
 2.00003 0.437653 0.835143
 2.01003 1.61015 1.42303
 2.01003 0.437125 0.840258
 2.02003 1.6032 1.42495
 2.02003 0.436584 0.84534
 2.03003 1.59635 1.4269
 2.03003 0.436032 0.850388
 2.04003 1.5896 1.42886
 2.04003 0.435469 0.855402
 2.05003 1.58294 1.43084
 2.05003 0.434896 0.860384
 2.06003 1.57638 1.43285
 2.06003 0.434313 0.865333
 2.07003 1.56992 1.43487
 2.07003 0.433723 0.870251
 2.08003 1.56354 1.43691
 2.08003 0.433124 0.875137
 2.09003 1.55726 1.43896
 2.09003 0.432519 0.879992
 2.10003 1.55106 1.44104
 2.10003 0.431907 0.884818
 2.11003 1.54496 1.44313
 2.11003 0.43129 0.889613
 2.12003 1.53894 1.44524
 2.12003 0.430668 0.894379
 2.13003 1.533 1.44736
 2.13003 0.430041 0.899115
 2.14003 1.52715 1.4495
 2.14003 0.429411 0.903824
 2.15003 1.52138 1.45165
 2.15003 0.428777 0.908503
 2.16003 1.51569 1.45381
 2.16003 0.428141 0.913156
 2.17003 1.51009 1.45599
 2.17003 0.427503 0.91778
 2.18003 1.50456 1.45818
 2.18003 0.426863 0.922377
 2.19003 1.49911 1.46039
 2.19003 0.426222 0.926948
 2.20003 1.49373 1.4626
 2.20003 0.42558 0.931492
 2.21003 1.48843 1.46483
 2.21003 0.424938 0.93601
 2.22003 1.48321 1.46707
 2.22003 0.424296 0.940503
 2.23003 1.47806 1.46931
 2.23003 0.423654 0.944969
 2.24003 1.47298 1.47157
 2.24003 0.423014 0.949411
 2.25003 1.46797 1.47384
 2.25003 0.422375 0.953828
 2.26003 1.46304 1.47612
 2.26003 0.421738 0.95822
 2.27003 1.45817 1.4784
 2.27003 0.421103 0.962588
 2.28003 1.45337 1.4807
 2.28003 0.42047 0.966931
 2.29003 1.44864 1.483
 2.29003 0.41984 0.971251
 2.30003 1.44397 1.48532
 2.30003 0.419213 0.975548
 2.31003 1.43937 1.48763
 2.31003 0.418589 0.979821
 2.32003 1.43483 1.48996
 2.32003 0.417969 0.984071
 2.33003 1.43036 1.49229
 2.33003 0.417352 0.988298
 2.34003 1.42595 1.49463
 2.34003 0.41674 0.992503
 2.35003 1.42161 1.49698
 2.35003 0.416132 0.996685
 2.36003 1.41732 1.49933
 2.36003 0.415529 1.00085
 2.37003 1.4131 1.50169
 2.37003 0.41493 1.00499
 2.38003 1.40893 1.50405
 2.38003 0.414337 1.0091
 2.39003 1.40483 1.50642
 2.39003 0.413748 1.0132
 2.40003 1.40078 1.50879
 2.40003 0.413165 1.01727
 2.41003 1.39679 1.51117
 2.41003 0.412588 1.02132
 2.42003 1.39286 1.51355
 2.42003 0.412017 1.02536
 2.43003 1.38898 1.51593
 2.43003 0.411451 1.02937
 2.44003 1.38516 1.51832
 2.44003 0.410892 1.03336
 2.45003 1.38139 1.52072
 2.45003 0.410338 1.03732
 2.46003 1.37768 1.52311
 2.46003 0.409792 1.04127
 2.47003 1.37402 1.52551
 2.47003 0.409251 1.0452
 2.48003 1.37041 1.52791
 2.48003 0.408717 1.04911
 2.49003 1.36686 1.53032
 2.49003 0.408191 1.053
 2.50003 1.36335 1.53272
 2.50003 0.40767 1.05687
 2.51003 1.3599 1.53513
 2.51003 0.407157 1.06072
 2.52003 1.3565 1.53754
 2.52003 0.406651 1.06455
 2.53003 1.35315 1.53995
 2.53003 0.406153 1.06836
 2.54003 1.34984 1.54236
 2.54003 0.405661 1.07215
 2.55003 1.34659 1.54478
 2.55003 0.405177 1.07592
 2.56003 1.34338 1.54719
 2.56003 0.4047 1.07967
 2.57003 1.34022 1.54961
 2.57003 0.404231 1.08341
 2.58003 1.33711 1.55203
 2.58003 0.403769 1.08712
 2.59003 1.33404 1.55444
 2.59003 0.403315 1.09082
 2.60003 1.33102 1.55686
 2.60003 0.402868 1.0945
 2.61003 1.32805 1.55928
 2.61003 0.40243 1.09816
 2.62003 1.32511 1.5617
 2.62003 0.401999 1.1018
 2.63003 1.32223 1.56411
 2.63003 0.401576 1.10542
 2.64003 1.31938 1.56653
 2.64003 0.40116 1.10903
 2.65003 1.31659 1.56895
 2.65003 0.400753 1.11262
 2.66003 1.31383 1.57136
 2.66003 0.400354 1.11619
 2.67003 1.31111 1.57378
 2.67003 0.399962 1.11974
 2.68003 1.30844 1.57619
 2.68003 0.399579 1.12327
 2.69003 1.30581 1.5786
 2.69003 0.399204 1.12679
 2.70003 1.30322 1.58101
 2.70003 0.398836 1.13028
 2.71003 1.30067 1.58342
 2.71003 0.398477 1.13376
 2.72003 1.29816 1.58583
 2.72003 0.398126 1.13723
 2.73003 1.29569 1.58824
 2.73003 0.397783 1.14067
 2.74003 1.29326 1.59064
 2.74003 0.397448 1.1441
 2.75003 1.29087 1.59304
 2.75003 0.397121 1.14751
 2.76003 1.28852 1.59544
 2.76003 0.396802 1.1509
 2.77003 1.2862 1.59784
 2.77003 0.396491 1.15428
 2.78003 1.28393 1.60023
 2.78003 0.396188 1.15764
 2.79003 1.28169 1.60263
 2.79003 0.395894 1.16098
 2.80003 1.27948 1.60502
 2.80003 0.395607 1.16431
 2.81003 1.27732 1.6074
 2.81003 0.395329 1.16761
 2.82003 1.27519 1.60979
 2.82003 0.395058 1.1709
 2.83003 1.27309 1.61217
 2.83003 0.394796 1.17418
 2.84003 1.27104 1.61454
 2.84003 0.394541 1.17744
 2.85003 1.26901 1.61692
 2.85003 0.394295 1.18068
 2.86003 1.26702 1.61929
 2.86003 0.394057 1.1839
 2.87003 1.26507 1.62165
 2.87003 0.393826 1.18711
 2.88003 1.26315 1.62401
 2.88003 0.393604 1.1903
 2.89003 1.26126 1.62637
 2.89003 0.393389 1.19347
 2.90003 1.25941 1.62873
 2.90003 0.393183 1.19663
 2.91003 1.25759 1.63108
 2.91003 0.392984 1.19977
 2.92003 1.25581 1.63343
 2.92003 0.392793 1.20289
 2.93003 1.25405 1.63577
 2.93003 0.39261 1.206
 2.94003 1.25233 1.63811
 2.94003 0.392435 1.20909
 2.95003 1.25064 1.64044
 2.95003 0.392267 1.21217
 2.96003 1.24898 1.64277
 2.96003 0.392107 1.21523
 2.97003 1.24736 1.64509
 2.97003 0.391955 1.21827
 2.98003 1.24576 1.64741
 2.98003 0.391811 1.22129
 2.99003 1.2442 1.64973
 2.99003 0.391674 1.2243
 3.00004 1.24267 1.65204
 3.00004 0.391545 1.22729
 3.01004 1.24116 1.65434
 3.01004 0.391424 1.23027
 3.02004 1.23969 1.65664
 3.02004 0.391309 1.23323
 3.03004 1.23825 1.65893
 3.03004 0.391203 1.23618
 3.04004 1.23683 1.66122
 3.04004 0.391104 1.2391
 3.05004 1.23545 1.66351
 3.05004 0.391012 1.24201
 3.06004 1.23409 1.66578
 3.06004 0.390928 1.24491
 3.07004 1.23276 1.66806
 3.07004 0.390851 1.24779
 3.08004 1.23147 1.67032
 3.08004 0.390781 1.25065
 3.09004 1.2302 1.67258
 3.09004 0.390719 1.2535
 3.10004 1.22895 1.67484
 3.10004 0.390664 1.25633
 3.11004 1.22774 1.67709
 3.11004 0.390615 1.25914
 3.12004 1.22655 1.67933
 3.12004 0.390575 1.26194
 3.13004 1.22539 1.68157
 3.13004 0.390541 1.26472
 3.14004 1.22426 1.6838
 3.14004 0.390514 1.26749
 3.15004 1.22316 1.68602
 3.15004 0.390494 1.27024
 3.16004 1.22208 1.68824
 3.16004 0.390482 1.27297
 3.17004 1.22103 1.69045
 3.17004 0.390476 1.27569
 3.18004 1.22 1.69265
 3.18004 0.390477 1.27839
 3.19004 1.219 1.69485
 3.19004 0.390485 1.28108
 3.20004 1.21803 1.69704
 3.20004 0.3905 1.28375
 3.21004 1.21708 1.69922
 3.21004 0.390521 1.2864
 3.22004 1.21616 1.7014
 3.22004 0.390549 1.28903
 3.23004 1.21526 1.70357
 3.23004 0.390584 1.29166
 3.24004 1.21439 1.70574
 3.24004 0.390626 1.29426
 3.25004 1.21354 1.70789
 3.25004 0.390674 1.29685
 3.26004 1.21272 1.71004
 3.26004 0.390728 1.29942
 3.27004 1.21192 1.71218
 3.27004 0.390789 1.30198
 3.28004 1.21114 1.71432
 3.28004 0.390857 1.30452
 3.29004 1.21039 1.71644
 3.29004 0.390931 1.30704
 3.30004 1.20967 1.71856
 3.30004 0.391011 1.30955
 3.31004 1.20897 1.72067
 3.31004 0.391098 1.31204
 3.32004 1.20829 1.72278
 3.32004 0.391191 1.31451
 3.33004 1.20763 1.72487
 3.33004 0.39129 1.31697
 3.34004 1.207 1.72696
 3.34004 0.391396 1.31941
 3.35004 1.20639 1.72904
 3.35004 0.391507 1.32184
 3.36004 1.20581 1.73112
 3.36004 0.391625 1.32425
 3.37004 1.20524 1.73318
 3.37004 0.391749 1.32664
 3.38004 1.2047 1.73524
 3.38004 0.391879 1.32902
 3.39004 1.20419 1.73728
 3.39004 0.392015 1.33138
 3.40004 1.20369 1.73932
 3.40004 0.392156 1.33372
 3.41004 1.20322 1.74136
 3.41004 0.392304 1.33605
 3.42004 1.20277 1.74338
 3.42004 0.392458 1.33836
 3.43004 1.20234 1.74539
 3.43004 0.392617 1.34066
 3.44004 1.20193 1.7474
 3.44004 0.392782 1.34294
 3.45004 1.20154 1.7494
 3.45004 0.392953 1.3452
 3.46004 1.20118 1.75139
 3.46004 0.39313 1.34745
 3.47004 1.20083 1.75337
 3.47004 0.393312 1.34968
 3.48004 1.20051 1.75534
 3.48004 0.3935 1.35189
 3.49004 1.20021 1.7573
 3.49004 0.393694 1.35409
 3.50004 1.19993 1.75925
 3.50004 0.393893 1.35627
 3.51004 1.19967 1.7612
 3.51004 0.394098 1.35843
 3.52004 1.19943 1.76313
 3.52004 0.394306 1.36058
 3.53004 1.19921 1.76506
 3.53004 0.394508 1.36271
 3.54004 1.19903 1.76698
 3.54004 0.394716 1.36482
 3.55004 1.19886 1.76889
 3.55004 0.394929 1.36692
 3.56004 1.19872 1.77079
 3.56004 0.395146 1.369
 3.57004 1.1986 1.77267
 3.57004 0.395369 1.37106
 3.58004 1.19849 1.77456
 3.58004 0.395596 1.37311
 3.59004 1.19841 1.77643
 3.59004 0.395829 1.37514
 3.60004 1.19834 1.77829
 3.60004 0.396066 1.37715
 3.61004 1.1983 1.78014
 3.61004 0.396308 1.37915
 3.62004 1.19828 1.78198
 3.62004 0.396555 1.38112
 3.63004 1.19827 1.78382
 3.63004 0.396806 1.38309
 3.64004 1.19829 1.78564
 3.64004 0.397062 1.38503
 3.65004 1.19832 1.78745
 3.65004 0.397323 1.38696
 3.66004 1.19837 1.78926
 3.66004 0.397588 1.38887
 3.67004 1.19845 1.79105
 3.67004 0.397858 1.39076
 3.68004 1.19854 1.79283
 3.68004 0.398133 1.39263
 3.69004 1.19865 1.79461
 3.69004 0.398412 1.39449
 3.70004 1.19878 1.79637
 3.70004 0.398696 1.39633
 3.71004 1.19893 1.79812
 3.71004 0.398984 1.39816
 3.72004 1.19909 1.79987
 3.72004 0.399277 1.39996
 3.73004 1.19928 1.8016
 3.73004 0.399574 1.40175
 3.74004 1.19948 1.80332
 3.74004 0.399875 1.40352
 3.75004 1.1997 1.80504
 3.75004 0.400181 1.40528
 3.76004 1.19994 1.80674
 3.76004 0.400491 1.40701
 3.77004 1.2002 1.80843
 3.77004 0.400806 1.40873
 3.78004 1.20048 1.81011
 3.78004 0.401125 1.41044
 3.79004 1.20077 1.81178
 3.79004 0.401448 1.41212
 3.80004 1.20108 1.81344
 3.80004 0.401775 1.41379
 3.81004 1.20141 1.81509
 3.81004 0.402107 1.41544
 3.82004 1.20176 1.81672
 3.82004 0.402443 1.41707
 3.83004 1.20212 1.81835
 3.83004 0.402783 1.41868
 3.84004 1.2025 1.81996
 3.84004 0.403127 1.42028
 3.85004 1.2029 1.82157
 3.85004 0.403475 1.42186
 3.86004 1.20332 1.82316
 3.86004 0.403827 1.42342
 3.87004 1.20375 1.82474
 3.87004 0.404184 1.42496
 3.88004 1.2042 1.82631
 3.88004 0.404545 1.42649
 3.89004 1.20467 1.82787
 3.89004 0.404909 1.428
 3.90004 1.20515 1.82942
 3.90004 0.405278 1.42949
 3.91004 1.20565 1.83096
 3.91004 0.405651 1.43096
 3.92004 1.20617 1.83248
 3.92004 0.406027 1.43241
 3.93004 1.2067 1.83399
 3.93004 0.406408 1.43385
 3.94004 1.20725 1.83549
 3.94004 0.406793 1.43527
 3.95004 1.20782 1.83698
 3.95004 0.407181 1.43667
 3.96004 1.2084 1.83846
 3.96004 0.407574 1.43805
 3.97004 1.209 1.83993
 3.97004 0.40797 1.43941
 3.98004 1.20962 1.84138
 3.98004 0.408371 1.44076
 3.99004 1.21025 1.84282
 3.99004 0.408775 1.44209
 4.00005 1.21089 1.84425
 4.00005 0.409183 1.4434
 4.01005 1.21156 1.84567
 4.01005 0.409595 1.44469
 4.02005 1.21224 1.84707
 4.02005 0.410011 1.44596
 4.03005 1.21293 1.84847
 4.03005 0.410431 1.44722
 4.04005 1.21364 1.84985
 4.04005 0.410854 1.44846
 4.05005 1.21436 1.85121
 4.05005 0.411281 1.44967
 4.06005 1.21511 1.85257
 4.06005 0.411713 1.45087
 4.07005 1.21586 1.85391
 4.07005 0.412147 1.45206
 4.08005 1.21663 1.85524
 4.08005 0.412586 1.45322
 4.09005 1.21742 1.85656
 4.09005 0.413028 1.45437
 4.10005 1.21822 1.85786
 4.10005 0.413475 1.45549
 4.11005 1.21904 1.85916
 4.11005 0.413924 1.4566
 4.12005 1.21987 1.86043
 4.12005 0.414378 1.45769
 4.13005 1.22071 1.8617
 4.13005 0.414835 1.45876
 4.14005 1.22157 1.86295
 4.14005 0.415296 1.45982
 4.15005 1.22245 1.86419
 4.15005 0.415761 1.46085
 4.16005 1.22334 1.86542
 4.16005 0.41623 1.46187
 4.17005 1.22424 1.86663
 4.17005 0.416702 1.46286
 4.18005 1.22516 1.86783
 4.18005 0.417178 1.46384
 4.19005 1.2261 1.86902
 4.19005 0.417657 1.4648
 4.20005 1.22704 1.87019
 4.20005 0.41814 1.46574
 4.21005 1.228 1.87135
 4.21005 0.418627 1.46667
 4.22005 1.22898 1.8725
 4.22005 0.419118 1.46757
 4.23005 1.22997 1.87363
 4.23005 0.419612 1.46846
 4.24005 1.23097 1.87475
 4.24005 0.42011 1.46932
 4.25005 1.23199 1.87586
 4.25005 0.420612 1.47017
 4.26005 1.23302 1.87695
 4.26005 0.421117 1.471
 4.27005 1.23406 1.87803
 4.27005 0.421626 1.47181
 4.28005 1.23512 1.87909
 4.28005 0.422138 1.4726
 4.29005 1.23619 1.88014
 4.29005 0.422655 1.47337
 4.30005 1.23728 1.88118
 4.30005 0.423175 1.47413
 4.31005 1.23837 1.8822
 4.31005 0.423698 1.47486
 4.32005 1.23949 1.8832
 4.32005 0.424225 1.47558
 4.33005 1.24061 1.8842
 4.33005 0.424756 1.47627
 4.34005 1.24175 1.88518
 4.34005 0.425291 1.47695
 4.35005 1.2429 1.88614
 4.35005 0.425829 1.47761
 4.36005 1.24406 1.88709
 4.36005 0.426371 1.47825
 4.37005 1.24523 1.88803
 4.37005 0.426916 1.47887
 4.38005 1.24642 1.88895
 4.38005 0.427466 1.47947
 4.39005 1.24762 1.88985
 4.39005 0.428019 1.48005
 4.40005 1.24884 1.89075
 4.40005 0.428575 1.48062
 4.41005 1.25006 1.89162
 4.41005 0.429135 1.48116
 4.42005 1.2513 1.89249
 4.42005 0.429699 1.48169
 4.43005 1.25255 1.89333
 4.43005 0.430267 1.48219
 4.44005 1.25381 1.89417
 4.44005 0.430839 1.48268
 4.45005 1.25508 1.89498
 4.45005 0.431414 1.48315
 4.46005 1.25637 1.89579
 4.46005 0.431993 1.4836
 4.47005 1.25767 1.89657
 4.47005 0.432575 1.48403
 4.48005 1.25898 1.89735
 4.48005 0.433162 1.48444
 4.49005 1.2603 1.8981
 4.49005 0.433752 1.48483
 4.50005 1.26163 1.89884
 4.50005 0.434346 1.4852
 4.51005 1.26297 1.89957
 4.51005 0.434943 1.48556
 4.52005 1.26433 1.90028
 4.52005 0.435545 1.48589
 4.53005 1.26569 1.90098
 4.53005 0.43615 1.48621
 4.54005 1.26707 1.90166
 4.54005 0.436759 1.4865
 4.55005 1.26846 1.90232
 4.55005 0.437372 1.48678
 4.56005 1.26986 1.90297
 4.56005 0.437988 1.48704
 4.57005 1.27127 1.90361
 4.57005 0.438609 1.48728
 4.58005 1.27269 1.90422
 4.58005 0.439233 1.4875
 4.59005 1.27412 1.90483
 4.59005 0.439861 1.4877
 4.60005 1.27556 1.90541
 4.60005 0.440494 1.48788
 4.61005 1.27701 1.90598
 4.61005 0.44113 1.48804
 4.62005 1.27847 1.90654
 4.62005 0.44177 1.48819
 4.63005 1.27994 1.90707
 4.63005 0.442413 1.48831
 4.64005 1.28143 1.9076
 4.64005 0.443061 1.48842
 4.65005 1.28292 1.9081
 4.65005 0.443713 1.4885
 4.66005 1.28442 1.90859
 4.66005 0.444369 1.48857
 4.67005 1.28593 1.90907
 4.67005 0.445028 1.48862
 4.68005 1.28745 1.90952
 4.68005 0.445692 1.48865
 4.69005 1.28898 1.90997
 4.69005 0.44636 1.48866
 4.70005 1.29052 1.91039
 4.70005 0.447032 1.48865
 4.71005 1.29207 1.9108
 4.71005 0.447707 1.48862
 4.72005 1.29362 1.91119
 4.72005 0.448387 1.48858
 4.73005 1.29519 1.91157
 4.73005 0.449071 1.48851
 4.74005 1.29676 1.91193
 4.74005 0.449759 1.48843
 4.75005 1.29835 1.91227
 4.75005 0.450452 1.48833
 4.76005 1.29994 1.9126
 4.76005 0.451148 1.48821
 4.77005 1.30154 1.91291
 4.77005 0.451849 1.48807
 4.78005 1.30315 1.9132
 4.78005 0.452553 1.48791
 4.79005 1.30476 1.91348
 4.79005 0.453262 1.48773
 4.80005 1.30639 1.91374
 4.80005 0.453975 1.48753
 4.81005 1.30802 1.91398
 4.81005 0.454693 1.48732
 4.82005 1.30966 1.91421
 4.82005 0.455414 1.48706
 4.83005 1.3113 1.91443
 4.83005 0.45614 1.4868
 4.84005 1.31296 1.91464
 4.84005 0.45687 1.48651
 4.85005 1.31462 1.91484
 4.85005 0.457603 1.4862
 4.86005 1.31629 1.91501
 4.86005 0.458341 1.48588
 4.87005 1.31797 1.91517
 4.87005 0.459082 1.48553
 4.88005 1.31965 1.91532
 4.88005 0.459828 1.48517
 4.89005 1.32134 1.91544
 4.89005 0.460578 1.48479
 4.90005 1.32304 1.91555
 4.90005 0.461331 1.48439
 4.91005 1.32475 1.91564
 4.91005 0.462089 1.48397
 4.92005 1.32646 1.91572
 4.92005 0.462851 1.48354
 4.93005 1.32818 1.91578
 4.93005 0.463617 1.48309
 4.94005 1.3299 1.91582
 4.94005 0.464388 1.48261
 4.95005 1.33163 1.91584
 4.95005 0.465162 1.48212
 4.96005 1.33337 1.91585
 4.96005 0.465941 1.48162
 4.97005 1.33511 1.91583
 4.97005 0.466724 1.48109
 4.98005 1.33685 1.91581
 4.98005 0.467511 1.48055
 4.99005 1.33861 1.91576
 4.99005 0.468302 1.47999
 5.00006 1.34036 1.9157
 5.00006 0.469098 1.47941
 5.01006 1.34213 1.91562
 5.01006 0.469898 1.47881
 5.02006 1.34389 1.91552
 5.02006 0.470703 1.4782
 5.03006 1.34567 1.91541
 5.03006 0.471511 1.47757
 5.04006 1.34744 1.91528
 5.04006 0.472325 1.47692
 5.05006 1.34922 1.91513
 5.05006 0.473142 1.47626
 5.06006 1.35101 1.91496
 5.06006 0.473964 1.47558
 5.07006 1.3528 1.91478
 5.07006 0.474791 1.47488
 5.08006 1.35459 1.91458
 5.08006 0.475622 1.47416
 5.09006 1.35639 1.91436
 5.09006 0.476457 1.47343
 5.10006 1.35819 1.91412
 5.10006 0.477297 1.47268
 5.11006 1.35999 1.91387
 5.11006 0.478141 1.47191
 5.12006 1.3618 1.9136
 5.12006 0.47899 1.47113
 5.13006 1.36361 1.91331
 5.13006 0.479844 1.47033
 5.14006 1.36542 1.91301
 5.14006 0.480702 1.46951
 5.15006 1.36723 1.91268
 5.15006 0.481565 1.46868
 5.16006 1.36905 1.91234
 5.16006 0.482432 1.46783
 5.17006 1.37087 1.91199
 5.17006 0.483304 1.46697
 5.18006 1.37269 1.91161
 5.18006 0.484181 1.46609
 5.19006 1.37451 1.91122
 5.19006 0.485063 1.46519
 5.20006 1.37634 1.91081
 5.20006 0.485949 1.46428
 5.21006 1.37816 1.91038
 5.21006 0.48684 1.46335
 5.22006 1.37999 1.90994
 5.22006 0.487735 1.46241
 5.23006 1.38181 1.90948
 5.23006 0.488635 1.46145
 5.24006 1.38364 1.909
 5.24006 0.489541 1.46048
 5.25006 1.38547 1.9085
 5.25006 0.490451 1.45949
 5.26006 1.38729 1.90799
 5.26006 0.491365 1.45849
 5.27006 1.38912 1.90746
 5.27006 0.492285 1.45748
 5.28006 1.39095 1.90691
 5.28006 0.493209 1.45644
 5.29006 1.39278 1.90634
 5.29006 0.494139 1.4554
 5.30006 1.3946 1.90576
 5.30006 0.495073 1.45434
 5.31006 1.39643 1.90516
 5.31006 0.496012 1.45326
 5.32006 1.39825 1.90454
 5.32006 0.496956 1.45217
 5.33006 1.40007 1.90391
 5.33006 0.497904 1.45107
 5.34006 1.4019 1.90326
 5.34006 0.498858 1.44996
 5.35006 1.40371 1.90259
 5.35006 0.499817 1.44883
 5.36006 1.40553 1.9019
 5.36006 0.50078 1.44768
 5.37006 1.40735 1.9012
 5.37006 0.501749 1.44653
 5.38006 1.40916 1.90048
 5.38006 0.502723 1.44536
 5.39006 1.41097 1.89974
 5.39006 0.503701 1.44418
 5.40006 1.41277 1.89899
 5.40006 0.504685 1.44298
 5.41006 1.41458 1.89822
 5.41006 0.505673 1.44178
 5.42006 1.41638 1.89743
 5.42006 0.506666 1.44056
 5.43006 1.41817 1.89663
 5.43006 0.507665 1.43932
 5.44006 1.41996 1.89581
 5.44006 0.508668 1.43808
 5.45006 1.42175 1.89497
 5.45006 0.509677 1.43683
 5.46006 1.42353 1.89412
 5.46006 0.51069 1.43556
 5.47006 1.42531 1.89324
 5.47006 0.511708 1.43428
 5.48006 1.42709 1.89236
 5.48006 0.512732 1.43299
 5.49006 1.42885 1.89145
 5.49006 0.51376 1.43169
 5.50006 1.43062 1.89053
 5.50006 0.514794 1.43038
 5.51006 1.43237 1.8896
 5.51006 0.515832 1.42906
 5.52006 1.43412 1.88865
 5.52006 0.516875 1.42772
 5.53006 1.43587 1.88768
 5.53006 0.517924 1.42638
 5.54006 1.43761 1.88669
 5.54006 0.518977 1.42503
 5.55006 1.43934 1.88569
 5.55006 0.520035 1.42366
 5.56006 1.44106 1.88468
 5.56006 0.521098 1.42229
 5.57006 1.44278 1.88364
 5.57006 0.522166 1.42091
 5.58006 1.44449 1.8826
 5.58006 0.52324 1.41952
 5.59006 1.44619 1.88153
 5.59006 0.524318 1.41812
 5.60006 1.44788 1.88045
 5.60006 0.5254 1.41671
 5.61006 1.44957 1.87936
 5.61006 0.526488 1.41529
 5.62006 1.45124 1.87825
 5.62006 0.527581 1.41387
 5.63006 1.45291 1.87712
 5.63006 0.528678 1.41243
 5.64006 1.45457 1.87598
 5.64006 0.52978 1.41099
 5.65006 1.45622 1.87482
 5.65006 0.530888 1.40954
 5.66006 1.45786 1.87365
 5.66006 0.531999 1.40808
 5.67006 1.45949 1.87247
 5.67006 0.533116 1.40662
 5.68006 1.46111 1.87127
 5.68006 0.534237 1.40514
 5.69006 1.46272 1.87005
 5.69006 0.535363 1.40367
 5.70006 1.46432 1.86882
 5.70006 0.536494 1.40218
 5.71006 1.46591 1.86758
 5.71006 0.537629 1.40069
 5.72006 1.46749 1.86632
 5.72006 0.538769 1.39919
 5.73006 1.46905 1.86505
 5.73006 0.539914 1.39769
 5.74006 1.47061 1.86376
 5.74006 0.541063 1.39618
 5.75006 1.47215 1.86246
 5.75006 0.542216 1.39466
 5.76006 1.47368 1.86114
 5.76006 0.543374 1.39314
 5.77006 1.4752 1.85981
 5.77006 0.544536 1.39162
 5.78006 1.4767 1.85847
 5.78006 0.545703 1.39009
 5.79006 1.4782 1.85712
 5.79006 0.546874 1.38855
 5.80006 1.47968 1.85575
 5.80006 0.548049 1.38702
 5.81006 1.48114 1.85437
 5.81006 0.549229 1.38547
 5.82006 1.4826 1.85297
 5.82006 0.550413 1.38393
 5.83006 1.48404 1.85156
 5.83006 0.5516 1.38238
 5.84006 1.48546 1.85014
 5.84006 0.552792 1.38083
 5.85006 1.48687 1.84871
 5.85006 0.553988 1.37927
 5.86006 1.48827 1.84726
 5.86006 0.555188 1.37771
 5.87006 1.48965 1.84581
 5.87006 0.556392 1.37615
 5.88006 1.49101 1.84434
 5.88006 0.557599 1.37459
 5.89006 1.49237 1.84285
 5.89006 0.55881 1.37302
 5.90006 1.4937 1.84136
 5.90006 0.560025 1.37145
 5.91006 1.49502 1.83986
 5.91006 0.561244 1.36988
 5.92006 1.49633 1.83834
 5.92006 0.562466 1.36831
 5.93006 1.49761 1.83681
 5.93006 0.563692 1.36674
 5.94006 1.49888 1.83527
 5.94006 0.564921 1.36517
 5.95006 1.50014 1.83372
 5.95006 0.566153 1.3636
 5.96006 1.50138 1.83216
 5.96006 0.567389 1.36202
 5.97006 1.5026 1.83059
 5.97006 0.568628 1.36045
 5.98006 1.5038 1.82901
 5.98006 0.56987 1.35888
 5.99006 1.50499 1.82742
 5.99006 0.571115 1.35731
 6.00007 1.50616 1.82581
 6.00007 0.572362 1.35573
 6.01007 1.50731 1.8242
 6.01007 0.573613 1.35416
 6.02007 1.50844 1.82258
 6.02007 0.574867 1.35259
 6.03007 1.50956 1.82095
 6.03007 0.576123 1.35103
 6.04007 1.51065 1.81931
 6.04007 0.577382 1.34946
 6.05007 1.51173 1.81766
 6.05007 0.578643 1.34789
 6.06007 1.51279 1.816
 6.06007 0.579906 1.34633
 6.07007 1.51383 1.81433
 6.07007 0.581172 1.34477
 6.08007 1.51485 1.81266
 6.08007 0.58244 1.34321
 6.09007 1.51585 1.81098
 6.09007 0.583711 1.34166
 6.10007 1.51684 1.80928
 6.10007 0.584983 1.34011
 6.11007 1.5178 1.80758
 6.11007 0.586257 1.33856
 6.12007 1.51874 1.80588
 6.12007 0.587533 1.33702
 6.13007 1.51966 1.80416
 6.13007 0.58881 1.33548
 6.14007 1.52057 1.80244
 6.14007 0.590089 1.33394
 6.15007 1.52145 1.80071
 6.15007 0.59137 1.33241
 6.16007 1.52231 1.79897
 6.16007 0.592652 1.33088
 6.17007 1.52315 1.79723
 6.17007 0.593935 1.32936
 6.18007 1.52397 1.79548
 6.18007 0.595219 1.32784
 6.19007 1.52477 1.79373
 6.19007 0.596504 1.32632
 6.20007 1.52555 1.79197
 6.20007 0.59779 1.32482
 6.21007 1.52631 1.7902
 6.21007 0.599077 1.32332
 6.22007 1.52704 1.78843
 6.22007 0.600364 1.32182
 6.23007 1.52776 1.78665
 6.23007 0.601652 1.32033
 6.24007 1.52845 1.78487
 6.24007 0.602941 1.31885
 6.25007 1.52912 1.78308
 6.25007 0.604229 1.31737
 6.26007 1.52977 1.78129
 6.26007 0.605518 1.3159
 6.27007 1.5304 1.77949
 6.27007 0.606807 1.31444
 6.28007 1.53101 1.77769
 6.28007 0.608096 1.31298
 6.29007 1.53159 1.77589
 6.29007 0.609384 1.31153
 6.30007 1.53215 1.77408
 6.30007 0.610672 1.31009
 6.31007 1.53269 1.77227
 6.31007 0.611959 1.30866
 6.32007 1.53321 1.77045
 6.32007 0.613246 1.30723
 6.33007 1.5337 1.76864
 6.33007 0.614532 1.30581
 6.34007 1.53418 1.76682
 6.34007 0.615818 1.30441
 6.35007 1.53463 1.76499
 6.35007 0.617102 1.30301
 6.36007 1.53506 1.76317
 6.36007 0.618385 1.30161
 6.37007 1.53546 1.76134
 6.37007 0.619666 1.30023
 6.38007 1.53585 1.75951
 6.38007 0.620947 1.29886
 6.39007 1.53621 1.75768
 6.39007 0.622225 1.2975
 6.40007 1.53654 1.75585
 6.40007 0.623502 1.29614
 6.41007 1.53686 1.75401
 6.41007 0.624777 1.2948
 6.42007 1.53715 1.75218
 6.42007 0.62605 1.29346
 6.43007 1.53742 1.75035
 6.43007 0.627321 1.29214
 6.44007 1.53767 1.74851
 6.44007 0.62859 1.29082
 6.45007 1.53789 1.74667
 6.45007 0.629856 1.28952
 6.46007 1.53809 1.74484
 6.46007 0.631119 1.28823
 6.47007 1.53827 1.743
 6.47007 0.63238 1.28694
 6.48007 1.53843 1.74117
 6.48007 0.633638 1.28567
 6.49007 1.53856 1.73933
 6.49007 0.634894 1.28441
 6.50007 1.53867 1.7375
 6.50007 0.636146 1.28316
 6.51007 1.53876 1.73567
 6.51007 0.637394 1.28192
 6.52007 1.53882 1.73384
 6.52007 0.63864 1.28069
 6.53007 1.53887 1.73201
 6.53007 0.639881 1.27948
 6.54007 1.53888 1.73018
 6.54007 0.64112 1.27827
 6.55007 1.53888 1.72836
 6.55007 0.642354 1.27708
 6.56007 1.53886 1.72654
 6.56007 0.643584 1.2759
 6.57007 1.53881 1.72472
 6.57007 0.644811 1.27473
 6.58007 1.53874 1.7229
 6.58007 0.646033 1.27358
 6.59007 1.53864 1.72108
 6.59007 0.64725 1.27244
 6.60007 1.53853 1.71927
 6.60007 0.648463 1.27131
 6.61007 1.53839 1.71747
 6.61007 0.649672 1.27019
 6.62007 1.53823 1.71566
 6.62007 0.650876 1.26908
 6.63007 1.53805 1.71386
 6.63007 0.652075 1.26799
 6.64007 1.53784 1.71207
 6.64007 0.653269 1.26691
 6.65007 1.53761 1.71027
 6.65007 0.654457 1.26584
 6.66007 1.53737 1.70849
 6.66007 0.655641 1.26479
 6.67007 1.5371 1.7067
 6.67007 0.656819 1.26375
 6.68007 1.5368 1.70493
 6.68007 0.657991 1.26272
 6.69007 1.53649 1.70315
 6.69007 0.659158 1.26171
 6.70007 1.53615 1.70139
 6.70007 0.660319 1.26071
 6.71007 1.5358 1.69963
 6.71007 0.661474 1.25972
 6.72007 1.53542 1.69787
 6.72007 0.662623 1.25875
 6.73007 1.53502 1.69612
 6.73007 0.663766 1.25779
 6.74007 1.5346 1.69438
 6.74007 0.664903 1.25685
 6.75007 1.53416 1.69264
 6.75007 0.666033 1.25592
 6.76007 1.5337 1.69091
 6.76007 0.667156 1.255
 6.77007 1.53321 1.68918
 6.77007 0.668273 1.2541
 6.78007 1.53271 1.68747
 6.78007 0.669384 1.25321
 6.79007 1.53219 1.68576
 6.79007 0.670487 1.25233
 6.80007 1.53164 1.68405
 6.80007 0.671583 1.25147
 6.81007 1.53108 1.68236
 6.81007 0.672673 1.25062
 6.82007 1.53049 1.68067
 6.82007 0.673755 1.24979
 6.83007 1.52989 1.67899
 6.83007 0.67483 1.24897
 6.84007 1.52927 1.67732
 6.84007 0.675897 1.24817
 6.85007 1.52862 1.67566
 6.85007 0.676957 1.24738
 6.86007 1.52796 1.674
 6.86007 0.678009 1.24661
 6.87007 1.52728 1.67235
 6.87007 0.679054 1.24585
 6.88007 1.52658 1.67072
 6.88007 0.680091 1.2451
 6.89007 1.52586 1.66909
 6.89007 0.68112 1.24437
 6.90007 1.52512 1.66747
 6.90007 0.682141 1.24365
 6.91007 1.52436 1.66586
 6.91007 0.683154 1.24295
 6.92007 1.52359 1.66425
 6.92007 0.684159 1.24226
 6.93007 1.52279 1.66266
 6.93007 0.685155 1.24159
 6.94007 1.52198 1.66108
 6.94007 0.686143 1.24093
 6.95007 1.52115 1.65951
 6.95007 0.687123 1.24029
 6.96007 1.52031 1.65794
 6.96007 0.688095 1.23966
 6.97007 1.51944 1.65639
 6.97007 0.689057 1.23904
 6.98007 1.51856 1.65485
 6.98007 0.690012 1.23844
 6.99007 1.51766 1.65332
 6.99007 0.690957 1.23786
 7.00008 1.51675 1.65179
 7.00008 0.69189 1.23729
 7.01008 1.51582 1.65028
 7.01008 0.692805 1.23673
 7.02008 1.51488 1.64878
 7.02008 0.693711 1.23619
 7.03008 1.51393 1.64729
 7.03008 0.694608 1.23566
 7.04008 1.51296 1.64582
 7.04008 0.695495 1.23515
 7.05008 1.51198 1.64435
 7.05008 0.696373 1.23465
 7.06008 1.51098 1.64289
 7.06008 0.697241 1.23417
 7.07008 1.50997 1.64145
 7.07008 0.6981 1.2337
 7.08008 1.50894 1.64002
 7.08008 0.698949 1.23324
 7.09008 1.5079 1.6386
 7.09008 0.699789 1.2328
 7.10008 1.50684 1.63719
 7.10008 0.700619 1.23238
 7.11008 1.50577 1.63579
 7.11008 0.70144 1.23196
 7.12008 1.50468 1.63441
 7.12008 0.702251 1.23156
 7.13008 1.50358 1.63303
 7.13008 0.703052 1.23118
 7.14008 1.50247 1.63167
 7.14008 0.703843 1.23081
 7.15008 1.50134 1.63032
 7.15008 0.704625 1.23045
 7.16008 1.5002 1.62899
 7.16008 0.705397 1.23011
 7.17008 1.49905 1.62767
 7.17008 0.706159 1.22978
 7.18008 1.49789 1.62635
 7.18008 0.706911 1.22947
 7.19008 1.49671 1.62506
 7.19008 0.707653 1.22917
 7.20008 1.49552 1.62377
 7.20008 0.708386 1.22888
 7.21008 1.49431 1.6225
 7.21008 0.709109 1.22861
 7.22008 1.4931 1.62124
 7.22008 0.709821 1.22835
 7.23008 1.49187 1.61999
 7.23008 0.710524 1.22811
 7.24008 1.49064 1.61876
 7.24008 0.711218 1.22788
 7.25008 1.48939 1.61754
 7.25008 0.711901 1.22766
 7.26008 1.48813 1.61633
 7.26008 0.712574 1.22745
 7.27008 1.48685 1.61513
 7.27008 0.713238 1.22726
 7.28008 1.48557 1.61395
 7.28008 0.713891 1.22709
 7.29008 1.48428 1.61278
 7.29008 0.714535 1.22692
 7.30008 1.48298 1.61163
 7.30008 0.715169 1.22677
 7.31008 1.48166 1.61048
 7.31008 0.715793 1.22664
 7.32008 1.48034 1.60936
 7.32008 0.716408 1.22651
 7.33008 1.47901 1.60824
 7.33008 0.717012 1.2264
 7.34008 1.47767 1.60714
 7.34008 0.717607 1.2263
 7.35008 1.47631 1.60605
 7.35008 0.718192 1.22622
 7.36008 1.47495 1.60497
 7.36008 0.718768 1.22615
 7.37008 1.47358 1.60391
 7.37008 0.719333 1.22609
 7.38008 1.47221 1.60286
 7.38008 0.719889 1.22604
 7.39008 1.47082 1.60183
 7.39008 0.720436 1.22601
 7.40008 1.46943 1.60081
 7.40008 0.720973 1.22599
 7.41008 1.46802 1.5998
 7.41008 0.7215 1.22598
 7.42008 1.46661 1.5988
 7.42008 0.722018 1.22598
 7.43008 1.4652 1.59782
 7.43008 0.722526 1.226
 7.44008 1.46377 1.59686
 7.44008 0.723025 1.22603
 7.45008 1.46234 1.5959
 7.45008 0.723514 1.22607
 7.46008 1.4609 1.59496
 7.46008 0.723994 1.22612
 7.47008 1.45945 1.59404
 7.47008 0.724465 1.22619
 7.48008 1.458 1.59312
 7.48008 0.724926 1.22626
 7.49008 1.45654 1.59222
 7.49008 0.725378 1.22635
 7.50008 1.45508 1.59134
 7.50008 0.725821 1.22645
 7.51008 1.45361 1.59047
 7.51008 0.726255 1.22657
 7.52008 1.45213 1.58961
 7.52008 0.72668 1.22669
 7.53008 1.45065 1.58876
 7.53008 0.727095 1.22683
 7.54008 1.44916 1.58793
 7.54008 0.727502 1.22698
 7.55008 1.44767 1.58711
 7.55008 0.7279 1.22713
 7.56008 1.44617 1.58631
 7.56008 0.728289 1.2273
 7.57008 1.44466 1.58551
 7.57008 0.728669 1.22749
 7.58008 1.44316 1.58474
 7.58008 0.729041 1.22768
 7.59008 1.44165 1.58397
 7.59008 0.729404 1.22788
 7.60008 1.44013 1.58322
 7.60008 0.729758 1.2281
 7.61008 1.43861 1.58248
 7.61008 0.730104 1.22832
 7.62008 1.43708 1.58176
 7.62008 0.730441 1.22856
 7.63008 1.43556 1.58105
 7.63008 0.73077 1.22881
 7.64008 1.43403 1.58035
 7.64008 0.73109 1.22906
 7.65008 1.43249 1.57966
 7.65008 0.731403 1.22933
 7.66008 1.43095 1.57899
 7.66008 0.731707 1.22961
 7.67008 1.42941 1.57833
 7.67008 0.732003 1.2299
 7.68008 1.42787 1.57769
 7.68008 0.732291 1.2302
 7.69008 1.42632 1.57705
 7.69008 0.732571 1.2305
 7.70008 1.42477 1.57643
 7.70008 0.732843 1.23082
 7.71008 1.42322 1.57583
 7.71008 0.733107 1.23115
 7.72008 1.42167 1.57523
 7.72008 0.733363 1.23149
 7.73008 1.42011 1.57465
 7.73008 0.733612 1.23184
 7.74008 1.41856 1.57409
 7.74008 0.733853 1.2322
 7.75008 1.417 1.57353
 7.75008 0.734087 1.23256
 7.76008 1.41544 1.57299
 7.76008 0.734313 1.23294
 7.77008 1.41388 1.57246
 7.77008 0.734532 1.23333
 7.78008 1.41231 1.57194
 7.78008 0.734744 1.23372
 7.79008 1.41075 1.57143
 7.79008 0.734949 1.23413
 7.80008 1.40918 1.57094
 7.80008 0.735146 1.23454
 7.81008 1.40762 1.57046
 7.81008 0.735336 1.23496
 7.82008 1.40605 1.56999
 7.82008 0.73552 1.2354
 7.83008 1.40449 1.56954
 7.83008 0.735696 1.23583
 7.84008 1.40292 1.5691
 7.84008 0.735866 1.23627
 7.85008 1.40135 1.56868
 7.85008 0.736029 1.23672
 7.86008 1.39979 1.56827
 7.86008 0.736185 1.23717
 7.87008 1.39822 1.56787
 7.87008 0.736335 1.23764
 7.88008 1.39666 1.56749
 7.88008 0.736477 1.23811
 7.89008 1.39509 1.56711
 7.89008 0.736614 1.23859
 7.90008 1.39353 1.56675
 7.90008 0.736744 1.23908
 7.91008 1.39196 1.5664
 7.91008 0.736867 1.23958
 7.92008 1.3904 1.56606
 7.92008 0.736985 1.24008
 7.93008 1.38884 1.56574
 7.93008 0.737096 1.24059
 7.94008 1.38728 1.56542
 7.94008 0.737201 1.24111
 7.95008 1.38572 1.56512
 7.95008 0.7373 1.24164
 7.96008 1.38417 1.56483
 7.96008 0.737393 1.24218
 7.97008 1.38261 1.56455
 7.97008 0.737481 1.24272
 7.98008 1.38106 1.56428
 7.98008 0.737563 1.24327
 7.99008 1.37951 1.56402
 7.99008 0.737639 1.24383
 8.00009 1.37796 1.56377
 8.00009 0.73771 1.24439
 8.01009 1.37641 1.56354
 8.01009 0.737775 1.24496
 8.02009 1.37486 1.56331
 8.02009 0.737835 1.24554
 8.03009 1.37332 1.5631
 8.03009 0.73789 1.24612
 8.04009 1.37178 1.56289
 8.04009 0.737939 1.24672
 8.05009 1.37024 1.5627
 8.05009 0.737984 1.24732
 8.06009 1.36871 1.56252
 8.06009 0.738023 1.24792
 8.07009 1.36718 1.56234
 8.07009 0.738058 1.24853
 8.08009 1.36565 1.56218
 8.08009 0.738088 1.24915
 8.09009 1.36412 1.56203
 8.09009 0.738113 1.24978
 8.10009 1.3626 1.56189
 8.10009 0.738134 1.25041
 8.11009 1.36108 1.56176
 8.11009 0.73815 1.25104
 8.12009 1.35956 1.56163
 8.12009 0.738161 1.25169
 8.13009 1.35805 1.56152
 8.13009 0.738168 1.25234
 8.14009 1.35654 1.56142
 8.14009 0.738171 1.25299
 8.15009 1.35504 1.56133
 8.15009 0.73817 1.25365
 8.16009 1.35354 1.56125
 8.16009 0.738165 1.25432
 8.17009 1.35204 1.56118
 8.17009 0.738156 1.25499
 8.18009 1.35054 1.56111
 8.18009 0.738142 1.25567
 8.19009 1.34905 1.56106
 8.19009 0.738125 1.25635
 8.20009 1.34757 1.56101
 8.20009 0.738105 1.25704
 8.21009 1.34609 1.56098
 8.21009 0.73808 1.25773
 8.22009 1.34461 1.56095
 8.22009 0.738052 1.25843
 8.23009 1.34313 1.56094
 8.23009 0.738021 1.25913
 8.24009 1.34167 1.56093
 8.24009 0.737986 1.25984
 8.25009 1.3402 1.56093
 8.25009 0.737948 1.26056
 8.26009 1.33874 1.56094
 8.26009 0.737906 1.26127
 8.27009 1.33729 1.56096
 8.27009 0.737862 1.262
 8.28009 1.33584 1.56099
 8.28009 0.737814 1.26272
 8.29009 1.33439 1.56102
 8.29009 0.737764 1.26346
 8.30009 1.33295 1.56107
 8.30009 0.73771 1.26419
 8.31009 1.33151 1.56112
 8.31009 0.737654 1.26493
 8.32009 1.33008 1.56118
 8.32009 0.737595 1.26568
 8.33009 1.32866 1.56125
 8.33009 0.737533 1.26643
 8.34009 1.32724 1.56133
 8.34009 0.737469 1.26718
 8.35009 1.32582 1.56141
 8.35009 0.737402 1.26794
 8.36009 1.32441 1.5615
 8.36009 0.737333 1.2687
 8.37009 1.32301 1.56161
 8.37009 0.737262 1.26947
 8.38009 1.32161 1.56171
 8.38009 0.737188 1.27024
 8.39009 1.32022 1.56183
 8.39009 0.737112 1.27101
 8.40009 1.31883 1.56195
 8.40009 0.737034 1.27179
 8.41009 1.31745 1.56209
 8.41009 0.736954 1.27257
 8.42009 1.31607 1.56222
 8.42009 0.736872 1.27335
 8.43009 1.3147 1.56237
 8.43009 0.736788 1.27414
 8.44009 1.31333 1.56252
 8.44009 0.736702 1.27493
 8.45009 1.31198 1.56268
 8.45009 0.736614 1.27573
 8.46009 1.31062 1.56285
 8.46009 0.736525 1.27652
 8.47009 1.30928 1.56303
 8.47009 0.736434 1.27732
 8.48009 1.30793 1.56321
 8.48009 0.736342 1.27813
 8.49009 1.3066 1.56339
 8.49009 0.736248 1.27893
 8.50009 1.30527 1.56359
 8.50009 0.736153 1.27974
 8.51009 1.30395 1.56379
 8.51009 0.736057 1.28055
 8.52009 1.30263 1.564
 8.52009 0.735959 1.28137
 8.53009 1.30132 1.56421
 8.53009 0.735861 1.28218
 8.54009 1.30002 1.56443
 8.54009 0.735761 1.283
 8.55009 1.29872 1.56466
 8.55009 0.73566 1.28383
 8.56009 1.29743 1.56489
 8.56009 0.735558 1.28465
 8.57009 1.29614 1.56513
 8.57009 0.735455 1.28548
 8.58009 1.29486 1.56537
 8.58009 0.735351 1.28631
 8.59009 1.29359 1.56562
 8.59009 0.735247 1.28714
 8.60009 1.29232 1.56588
 8.60009 0.735142 1.28797
 8.61009 1.29106 1.56614
 8.61009 0.735036 1.28881
 8.62009 1.28981 1.56641
 8.62009 0.734929 1.28965
 8.63009 1.28857 1.56668
 8.63009 0.734822 1.29049
 8.64009 1.28733 1.56696
 8.64009 0.734715 1.29133
 8.65009 1.28609 1.56724
 8.65009 0.734607 1.29217
 8.66009 1.28487 1.56753
 8.66009 0.734499 1.29301
 8.67009 1.28365 1.56783
 8.67009 0.734391 1.29386
 8.68009 1.28244 1.56813
 8.68009 0.734282 1.29471
 8.69009 1.28123 1.56843
 8.69009 0.734173 1.29556
 8.70009 1.28003 1.56874
 8.70009 0.734064 1.29641
 8.71009 1.27884 1.56906
 8.71009 0.733955 1.29726
 8.72009 1.27766 1.56937
 8.72009 0.733846 1.29811
 8.73009 1.27648 1.5697
 8.73009 0.733738 1.29897
 8.74009 1.27531 1.57003
 8.74009 0.733629 1.29982
 8.75009 1.27415 1.57036
 8.75009 0.73352 1.30068
 8.76009 1.27299 1.5707
 8.76009 0.733412 1.30154
 8.77009 1.27184 1.57104
 8.77009 0.733304 1.3024
 8.78009 1.2707 1.57138
 8.78009 0.733196 1.30326
 8.79009 1.26956 1.57173
 8.79009 0.733088 1.30412
 8.80009 1.26843 1.57209
 8.80009 0.732981 1.30498
 8.81009 1.26731 1.57245
 8.81009 0.732875 1.30584
 8.82009 1.2662 1.57281
 8.82009 0.732769 1.3067
 8.83009 1.26509 1.57317
 8.83009 0.732663 1.30757
 8.84009 1.26399 1.57354
 8.84009 0.732558 1.30843
 8.85009 1.2629 1.57392
 8.85009 0.732454 1.3093
 8.86009 1.26181 1.5743
 8.86009 0.732351 1.31016
 8.87009 1.26073 1.57468
 8.87009 0.732248 1.31102
 8.88009 1.25966 1.57506
 8.88009 0.732146 1.31189
 8.89009 1.2586 1.57545
 8.89009 0.732045 1.31275
 8.90009 1.25754 1.57584
 8.90009 0.731945 1.31362
 8.91009 1.25649 1.57623
 8.91009 0.731846 1.31449
 8.92009 1.25545 1.57663
 8.92009 0.731747 1.31535
 8.93009 1.25441 1.57703
 8.93009 0.73165 1.31622
 8.94009 1.25338 1.57744
 8.94009 0.731554 1.31708
 8.95009 1.25236 1.57784
 8.95009 0.731459 1.31795
 8.96009 1.25135 1.57825
 8.96009 0.731365 1.31881
 8.97009 1.25034 1.57866
 8.97009 0.731272 1.31968
 8.98009 1.24935 1.57908
 8.98009 0.731181 1.32054
 8.99009 1.24835 1.5795
 8.99009 0.73109 1.32141
 9.0001 1.24737 1.57992
 9.0001 0.731001 1.32227
 9.0101 1.24639 1.58034
 9.0101 0.730914 1.32313
 9.0201 1.24542 1.58077
 9.0201 0.730828 1.32399
 9.0301 1.24446 1.58119
 9.0301 0.730743 1.32486
 9.0401 1.24351 1.58162
 9.0401 0.730659 1.32572
 9.0501 1.24256 1.58206
 9.0501 0.730578 1.32658
 9.0601 1.24162 1.58249
 9.0601 0.730497 1.32744
 9.0701 1.24069 1.58293
 9.0701 0.730418 1.3283
 9.0801 1.23976 1.58337
 9.0801 0.730341 1.32916
 9.0901 1.23884 1.58381
 9.0901 0.730265 1.33001
 9.1001 1.23793 1.58425
 9.1001 0.730191 1.33087
 9.1101 1.23703 1.58469
 9.1101 0.730119 1.33172
 9.1201 1.23613 1.58514
 9.1201 0.730048 1.33258
 9.1301 1.23524 1.58559
 9.1301 0.72998 1.33343
 9.1401 1.23436 1.58604
 9.1401 0.729912 1.33428
 9.1501 1.23349 1.58649
 9.1501 0.729847 1.33513
 9.1601 1.23262 1.58694
 9.1601 0.729784 1.33598
 9.1701 1.23176 1.58739
 9.1701 0.729722 1.33683
 9.1801 1.23091 1.58785
 9.1801 0.729662 1.33768
 9.1901 1.23007 1.5883
 9.1901 0.729604 1.33852
 9.2001 1.22923 1.58876
 9.2001 0.729549 1.33937
 9.2101 1.2284 1.58922
 9.2101 0.729495 1.34021
 9.2201 1.22757 1.58968
 9.2201 0.729443 1.34105
 9.2301 1.22676 1.59014
 9.2301 0.729393 1.34189
 9.2401 1.22595 1.5906
 9.2401 0.729345 1.34273
 9.2501 1.22515 1.59106
 9.2501 0.729299 1.34356
 9.2601 1.22436 1.59153
 9.2601 0.729255 1.3444
 9.2701 1.22357 1.59199
 9.2701 0.729214 1.34523
 9.2801 1.22279 1.59246
 9.2801 0.729174 1.34606
 9.2901 1.22202 1.59292
 9.2901 0.729137 1.34689
 9.3001 1.22125 1.59339
 9.3001 0.729102 1.34771
 9.3101 1.22049 1.59386
 9.3101 0.729069 1.34854
 9.3201 1.21974 1.59432
 9.3201 0.729038 1.34936
 9.3301 1.219 1.59479
 9.3301 0.72901 1.35018
 9.3401 1.21826 1.59526
 9.3401 0.728983 1.351
 9.3501 1.21753 1.59573
 9.3501 0.72896 1.35181
 9.3601 1.21681 1.59619
 9.3601 0.728938 1.35263
 9.3701 1.2161 1.59666
 9.3701 0.728919 1.35344
 9.3801 1.21539 1.59713
 9.3801 0.728902 1.35425
 9.3901 1.21469 1.5976
 9.3901 0.728887 1.35506
 9.4001 1.21399 1.59807
 9.4001 0.728875 1.35586
 9.4101 1.21331 1.59854
 9.4101 0.728865 1.35666
 9.4201 1.21263 1.59901
 9.4201 0.728857 1.35746
 9.4301 1.21196 1.59948
 9.4301 0.728852 1.35826
 9.4401 1.21129 1.59994
 9.4401 0.72885 1.35906
 9.4501 1.21063 1.60041
 9.4501 0.72885 1.35985
 9.4601 1.20998 1.60088
 9.4601 0.728852 1.36064
 9.4701 1.20934 1.60135
 9.4701 0.728857 1.36143
 9.4801 1.2087 1.60181
 9.4801 0.728864 1.36221
 9.4901 1.20807 1.60228
 9.4901 0.728874 1.36299
 9.5001 1.20744 1.60275
 9.5001 0.728886 1.36377
 9.5101 1.20683 1.60321
 9.5101 0.728901 1.36455
 9.5201 1.20622 1.60368
 9.5201 0.728919 1.36532
 9.5301 1.20561 1.60414
 9.5301 0.728939 1.36609
 9.5401 1.20502 1.6046
 9.5401 0.728961 1.36686
 9.5501 1.20443 1.60507
 9.5501 0.728986 1.36763
 9.5601 1.20384 1.60553
 9.5601 0.729014 1.36839
 9.5701 1.20327 1.60599
 9.5701 0.729044 1.36915
 9.5801 1.2027 1.60645
 9.5801 0.729077 1.3699
 9.5901 1.20214 1.60691
 9.5901 0.729113 1.37066
 9.6001 1.20158 1.60736
 9.6001 0.729151 1.37141
 9.6101 1.20103 1.60782
 9.6101 0.729192 1.37215
 9.6201 1.20049 1.60828
 9.6201 0.729236 1.3729
 9.6301 1.19995 1.60873
 9.6301 0.729282 1.37364
 9.6401 1.19943 1.60918
 9.6401 0.729331 1.37437
 9.6501 1.1989 1.60963
 9.6501 0.729382 1.37511
 9.6601 1.19839 1.61008
 9.6601 0.729437 1.37584
 9.6701 1.19788 1.61053
 9.6701 0.729493 1.37657
 9.6801 1.19737 1.61098
 9.6801 0.729553 1.37729
 9.6901 1.19688 1.61143
 9.6901 0.729615 1.37801
 9.7001 1.19639 1.61187
 9.7001 0.72968 1.37873
 9.7101 1.19591 1.61231
 9.7101 0.729748 1.37944
 9.7201 1.19543 1.61276
 9.7201 0.729819 1.38015
 9.7301 1.19496 1.6132
 9.7301 0.729892 1.38086
 9.7401 1.19449 1.61363
 9.7401 0.729968 1.38156
 9.7501 1.19404 1.61407
 9.7501 0.730047 1.38226
 9.7601 1.19358 1.6145
 9.7601 0.730128 1.38296
 9.7701 1.19314 1.61494
 9.7701 0.730212 1.38365
 9.7801 1.1927 1.61537
 9.7801 0.730299 1.38434
 9.7901 1.19227 1.6158
 9.7901 0.730389 1.38503
 9.8001 1.19184 1.61622
 9.8001 0.730481 1.38571
 9.8101 1.19142 1.61665
 9.8101 0.730577 1.38639
 9.8201 1.19101 1.61707
 9.8201 0.730675 1.38706
 9.8301 1.1906 1.61749
 9.8301 0.730775 1.38773
 9.8401 1.1902 1.61791
 9.8401 0.730879 1.3884
 9.8501 1.1898 1.61833
 9.8501 0.730985 1.38906
 9.8601 1.18941 1.61874
 9.8601 0.731094 1.38972
 9.8701 1.18903 1.61916
 9.8701 0.731206 1.39038
 9.8801 1.18865 1.61957
 9.8801 0.731321 1.39103
 9.8901 1.18828 1.61997
 9.8901 0.731438 1.39168
 9.9001 1.18792 1.62038
 9.9001 0.731558 1.39232
 9.9101 1.18756 1.62078
 9.9101 0.731681 1.39296
 9.9201 1.18721 1.62118
 9.9201 0.731807 1.3936
 9.9301 1.18686 1.62158
 9.9301 0.731935 1.39423
 9.9401 1.18652 1.62198
 9.9401 0.732066 1.39486
 9.9501 1.18618 1.62237
 9.9501 0.732201 1.39548
 9.9601 1.18585 1.62276
 9.9601 0.732337 1.3961
 9.9701 1.18553 1.62315
 9.9701 0.732477 1.39672
 9.9801 1.18521 1.62353
 9.9801 0.732619 1.39733
 9.9901 1.18489 1.62392
